0 0.502283105022831 0.7309596127571036 0.5357142857142857 0.7442860660098848
1 0.5057077625570776 0.7188240063789229 0.5119047619047619 0.7226628944987342
2 0.5342465753424658 0.6961373899080981 0.5238095238095238 0.6580939179375058
3 0.728310502283105 0.6228215917604699 0.8571428571428571 0.5469287648087456
4 0.8059360730593608 0.5594847731666478 0.7619047619047619 0.5538346228145418
5 0.815068493150685 0.5379081813439931 0.7976190476190477 0.5440412206309182
6 0.841324200913242 0.5226065604926244 0.8690476190476191 0.5246486096155076
7 0.8253424657534246 0.5130646137614229 0.8571428571428571 0.5186665796098255
8 0.8321917808219178 0.5023355513947195 0.8571428571428571 0.49342394017037894
9 0.83675799086758 0.49249984412432807 0.8452380952380952 0.5191599882784343
10 0.8424657534246576 0.48581188263958447 0.8095238095238095 0.5233413137140728
11 0.8527397260273972 0.4807587931417439 0.8214285714285714 0.48941767073812936
12 0.8641552511415526 0.47628420087844814 0.8095238095238095 0.5260907510916392
13 0.8584474885844748 0.46325786663517016 0.8809523809523809 0.4937544408298674
14 0.867579908675799 0.4594951322361759 0.8571428571428571 0.484651791197913
15 0.8755707762557078 0.4523799031564634 0.8452380952380952 0.4876674371106284
16 0.8949771689497716 0.44087554970288384 0.8214285714285714 0.5093343201137724
17 0.8984018264840182 0.43876184706818566 0.7738095238095238 0.537098011800221
18 0.8972602739726028 0.434404665612739 0.8333333333333334 0.49004036046209787
19 0.9029680365296804 0.4327074836378228 0.8333333333333334 0.4866026058083489
20 0.9052511415525114 0.4237802841075479 0.7976190476190477 0.5147591162295568
21 0.9121004566210046 0.4191839655512544 0.8214285714285714 0.4964672880513327
22 0.91324200913242 0.4174251114124577 0.7857142857142857 0.526034068493616
23 0.9166666666666666 0.4095972379048665 0.8452380952380952 0.4554214364006406
24 0.9223744292237442 0.4048615777057055 0.8214285714285714 0.508086356378737
25 0.9315068493150684 0.4017851080524323 0.8095238095238095 0.48497953869047616
26 0.9269406392694064 0.4001793394622193 0.7976190476190477 0.47583927852766855
27 0.9394977168949772 0.39481279022617427 0.8095238095238095 0.4803265432516734
28 0.934931506849315 0.3951700208666118 0.8095238095238095 0.4676220289298466
29 0.9372146118721462 0.3905283582809309 0.7976190476190477 0.48934709032376605
30 0.934931506849315 0.3882445478003863 0.8571428571428571 0.4621880579562414
31 0.9474885844748858 0.3831619680199993 0.8095238095238095 0.46698477438517977
32 0.952054794520548 0.3830589043767485 0.8452380952380952 0.4654729011512938
33 0.9509132420091324 0.3786182204882304 0.7857142857142857 0.5184673312164488
34 0.9429223744292238 0.38164607153091257 0.8571428571428571 0.44950197282291593
35 0.9509132420091324 0.37663305227614974 0.7976190476190477 0.4783914387226105
36 0.9554794520547946 0.37526073820514766 0.8214285714285714 0.466458009822028
37 0.9497716894977168 0.3741202347626969 0.8333333333333334 0.45012659827868146
38 0.9509132420091324 0.3729618621743433 0.8214285714285714 0.49176221234457834
39 0.9611872146118722 0.37047847356970454 0.8452380952380952 0.4727579880328405
40 0.95662100456621 0.3703458192141633 0.7976190476190477 0.4890010229178837
41 0.95662100456621 0.36987564267088835 0.8333333333333334 0.47004055976867676
42 0.95662100456621 0.3649545927025956 0.8333333333333334 0.46119104822476703
43 0.9577625570776256 0.3653749946045549 0.8690476190476191 0.46096581646374296
44 0.9623287671232876 0.3654252191384633 0.8452380952380952 0.4597763263043903
45 0.9623287671232876 0.3610865366241159 0.8452380952380952 0.4594663225469135
46 0.9680365296803652 0.36136534020780975 0.8214285714285714 0.4886691385791415
47 0.9634703196347032 0.35965110450030463 0.8452380952380952 0.4550771571341015
48 0.9703196347031964 0.35967493669627465 0.8571428571428571 0.44555807681310744
49 0.9748858447488584 0.3572358370643772 0.8452380952380952 0.4642487168312073
50 0.973744292237443 0.356091350861336 0.8333333333333334 0.46441237983249484
51 0.978310502283105 0.35519632942056 0.7976190476190477 0.4871947566668193
52 0.973744292237443 0.35402387190082846 0.8928571428571429 0.4224693179130554
53 0.9703196347031964 0.3543516477765558 0.8452380952380952 0.4704951345920563
54 0.973744292237443 0.3530211805208633 0.8571428571428571 0.45710506325676326
55 0.9703196347031964 0.352352956250378 0.8809523809523809 0.4483798855826968
56 0.9771689497716894 0.3505603394824076 0.8571428571428571 0.44877442433720544
57 0.973744292237443 0.3517508220999208 0.8690476190476191 0.4382764668691726
58 0.9794520547945206 0.34851479598376306 0.8809523809523809 0.4278090298175812
59 0.9771689497716894 0.3495012226442224 0.8333333333333334 0.4666517504623958
60 0.9794520547945206 0.34831835635720865 0.9047619047619048 0.41711608852658955
61 0.980593607305936 0.34690591747357963 0.8452380952380952 0.4515243782883599
62 0.976027397260274 0.3467099486965023 0.8690476190476191 0.44277235297929673
63 0.9817351598173516 0.3465071217110168 0.8571428571428571 0.4515704583554041
64 0.9771689497716894 0.3459145995579898 0.8690476190476191 0.4323060796374366
65 0.9828767123287672 0.34396522447943145 0.8690476190476191 0.4500763657547179
66 0.9794520547945206 0.34413017502658444 0.8452380952380952 0.4599562854993911
67 0.9828767123287672 0.3430414193024918 0.8690476190476191 0.42129520717121305
68 0.9828767123287672 0.34369364802695845 0.8809523809523809 0.4276342647416251
69 0.9828767123287672 0.3432973231354805 0.8571428571428571 0.4482147792975108
70 0.9851598173515982 0.3421411360507686 0.8690476190476191 0.4495903097447895
71 0.9851598173515982 0.34085959509083125 0.8690476190476191 0.436396735055106
72 0.9840182648401826 0.3404988609764674 0.9047619047619048 0.4324509714330946
73 0.9851598173515982 0.34041055642306534 0.8690476190476191 0.4331634853567396
74 0.9840182648401826 0.33973556321505544 0.8928571428571429 0.4185667506286076
75 0.9817351598173516 0.3411542525574497 0.8809523809523809 0.44283372305688407
76 0.9851598173515982 0.3400200847621378 0.8809523809523809 0.4424064727056594
77 0.9840182648401826 0.33886719103817525 0.8571428571428571 0.44513665778296335
78 0.9851598173515982 0.3396628490866047 0.8690476190476191 0.4518518192427499
79 0.9863013698630136 0.33832024833927415 0.8571428571428571 0.44742863235019503
80 0.9828767123287672 0.33844569529572577 0.8571428571428571 0.45545032762345816
81 0.9863013698630136 0.33770361637960283 0.8928571428571429 0.42538036902745563
82 0.9863013698630136 0.3387892020347456 0.8452380952380952 0.4639911296821776
83 0.9885844748858448 0.33579425683848935 0.8809523809523809 0.42247516484487624
84 0.9851598173515982 0.33726871435500716 0.8690476190476191 0.45127631369091215
85 0.9851598173515982 0.33652747112866405 0.8809523809523809 0.4394391363575345
86 0.9897260273972602 0.33613928376811825 0.8571428571428571 0.4453139276731582
87 0.9874429223744292 0.3358163272953469 0.8928571428571429 0.43846250431878225
88 0.9874429223744292 0.33531395172419615 0.8928571428571429 0.4402548401128678
89 0.9885844748858448 0.33474330474796904 0.8452380952380952 0.4900337202208383
90 0.9851598173515982 0.33553441093392566 0.8809523809523809 0.4269346098105113
91 0.9885844748858448 0.3340601338643462 0.8333333333333334 0.44833059963725863
92 0.9863013698630136 0.3354362929792709 0.8571428571428571 0.4432718413216727
93 0.9897260273972602 0.33401131384993255 0.8809523809523809 0.4350144110974811
94 0.9851598173515982 0.33422965627827056 0.8809523809523809 0.42923242279461454
95 0.9885844748858448 0.3340601944215766 0.8690476190476191 0.4398512684163593
96 0.9863013698630136 0.3346586043704046 0.8452380952380952 0.45850351736659095
97 0.9885844748858448 0.3327487415919021 0.9047619047619048 0.4173945344629742
98 0.9885844748858448 0.3331714673945893 0.8809523809523809 0.4326426259108952
99 0.9874429223744292 0.3337076586675426 0.9047619047619048 0.4185883700847626
100 0.9885844748858448 0.33359456062316895 0.8690476190476191 0.4518168568611145
101 0.9897260273972602 0.3312507856926417 0.8928571428571429 0.4238724708557129
102 0.9885844748858448 0.33277156867393076 0.8690476190476191 0.4395562211672465
103 0.9908675799086758 0.3321567041688858 0.8690476190476191 0.4524385176953815
104 0.9908675799086758 0.3319171343219879 0.8690476190476191 0.4481338404473804
105 0.9920091324200914 0.33186448328026896 0.9047619047619048 0.421187162399292
106 0.9885844748858448 0.3322074313958486 0.8452380952380952 0.4496280550956726
107 0.9920091324200914 0.33163539214765647 0.9047619047619048 0.41469768399284
108 0.9897260273972602 0.3316620095679749 0.8809523809523809 0.44121191473234267
109 0.9920091324200914 0.33150083180431905 0.8452380952380952 0.4689138460726965
110 0.9885844748858448 0.33147844155085143 0.8928571428571429 0.4237583251226516
111 0.9897260273972602 0.3310766801170018 0.8809523809523809 0.44796101677985417
112 0.9885844748858448 0.331197637809466 0.9166666666666666 0.42071653547741117
113 0.9908675799086758 0.33039291618077177 0.8809523809523809 0.4404874727839515
114 0.9897260273972602 0.33259574490595084 0.8690476190476191 0.437751286086582
115 0.9931506849315068 0.32915450938760416 0.8690476190476191 0.44111132054101854
116 0.9908675799086758 0.3303684084654943 0.8809523809523809 0.4414684744108291
117 0.9897260273972602 0.3310616944478527 0.9166666666666666 0.4161239025138673
118 0.9931506849315068 0.3293028175830841 0.9047619047619048 0.4246357012362707
119 0.9908675799086758 0.32984565001100163 0.8333333333333334 0.4597666263580322
120 0.9897260273972602 0.33027463198796797 0.9047619047619048 0.4178589213462103
121 0.9897260273972602 0.3304041507037263 0.8690476190476191 0.4457832787718092
122 0.9897260273972602 0.33087757257021727 0.8690476190476191 0.45569514944439843
123 0.9931506849315068 0.3285498302004653 0.8928571428571429 0.4191513018948691
124 0.9920091324200914 0.32942198033202186 0.8928571428571429 0.44351073673793245
125 0.9908675799086758 0.3296425350724834 0.8571428571428571 0.45040138420604525
126 0.9920091324200914 0.3292516680885123 0.8571428571428571 0.450355901604607
127 0.9920091324200914 0.3295154929433239 0.9166666666666666 0.4146253282115573
128 0.9908675799086758 0.3291370441380157 0.9047619047619048 0.41825672416459947
129 0.9920091324200914 0.32942576495479775 0.8690476190476191 0.43951179016204106
130 0.9920091324200914 0.3290534663145945 0.8809523809523809 0.4428042315301441
131 0.9920091324200914 0.3296075414304864 0.8928571428571429 0.43032670446804594
132 0.9920091324200914 0.328887353612952 0.8809523809523809 0.43685624429157804
133 0.9931506849315068 0.3286166712301507 0.8690476190476191 0.4653247452917553
134 0.9920091324200914 0.3287775128671568 0.9047619047619048 0.42922267459687735
135 0.9920091324200914 0.3286250503095862 0.8690476190476191 0.4600874412627447
136 0.9931506849315068 0.3284926004877918 0.8928571428571429 0.4316907340571994
137 0.9920091324200914 0.328242542809003 0.8809523809523809 0.43543962779499235
138 0.9920091324200914 0.3286403374040508 0.8690476190476191 0.44264482600348337
139 0.9908675799086758 0.3283979940359995 0.8928571428571429 0.42954697069667636
140 0.9920091324200914 0.32818519470354196 0.8571428571428571 0.46113679380643935
141 0.9920091324200914 0.3280917629259362 0.8928571428571429 0.415853955915996
142 0.9920091324200914 0.32818470316934806 0.8928571428571429 0.4234657032149179
143 0.9920091324200914 0.3278628576836085 0.8809523809523809 0.435326840196337
144 0.9931506849315068 0.32788145501319677 0.8928571428571429 0.4268097806544531
145 0.9931506849315068 0.32662137934606367 0.8690476190476191 0.4481602850414458
146 0.9920091324200914 0.3280253153141231 0.8809523809523809 0.42548675196511404
147 0.9931506849315068 0.3275120179402774 0.8928571428571429 0.4220352612790607
148 0.9931506849315068 0.3279764920337015 0.8571428571428571 0.4593506937935239
149 0.9931506849315068 0.3278415833161846 0.8928571428571429 0.4238420937742506
150 0.9920091324200914 0.3273057159223513 0.8928571428571429 0.42944845415297006
151 0.9920091324200914 0.32774743900451486 0.8690476190476191 0.4458107678663163
152 0.9931506849315068 0.32749316286822977 0.8928571428571429 0.4319639319465274
