0 0.49774774774774777 0.6934028708183013 0.4 0.6931767523288727
1 0.5 0.6930028124972507 0.4 0.6927307903766632
2 0.5135135135135135 0.6930240210112151 0.4 0.6932439088821412
3 0.536036036036036 0.6927837063600352 0.85 0.6907768249511719
4 0.5427927927927928 0.6919754657659445 0.85 0.6901174247264862
5 0.5405405405405406 0.6905913363705884 0.375 0.6834625780582428
6 0.5608108108108109 0.6884164289311245 0.525 0.6832164168357849
7 0.5720720720720721 0.6893729637335012 0.325 0.680364465713501
8 0.5990990990990991 0.6859620331643937 0.425 0.6821291089057923
9 0.5585585585585585 0.6866144183519725 0.825 0.6659194886684418
10 0.5945945945945946 0.6781654008873949 0.85 0.6557896375656128
11 0.5698198198198198 0.6751830346949466 0.35 0.7053319871425628
12 0.5923423423423423 0.6728367510142627 0.85 0.6139261603355408
13 0.5900900900900901 0.6762081003403878 0.375 0.7007991731166839
14 0.5923423423423423 0.6651637162174191 0.375 0.6993678689002991
15 0.5878378378378378 0.6598375181894045 0.5 0.6665350317955017
16 0.6148648648648649 0.6609092862219423 0.9 0.5896163165569306
17 0.6171171171171171 0.6556507067100422 0.35 0.6829920649528504
18 0.6103603603603603 0.6525649788143398 0.4 0.6706671416759491
19 0.6216216216216216 0.6477578072934538 0.825 0.6044617652893066
20 0.6463963963963963 0.6420121149973826 0.5 0.6644119799137116
21 0.6058558558558559 0.6506244086467468 0.425 0.6501824080944061
22 0.6283783783783784 0.6447276121324247 0.4 0.6719997525215149
23 0.6306306306306306 0.6384829492182345 0.35 0.7701845824718475
24 0.6238738738738738 0.6454186517376084 0.625 0.6265761077404022
25 0.6373873873873874 0.6443200589300276 0.5 0.6505268812179565
26 0.6486486486486487 0.6337865915921357 0.6 0.6048963338136673
27 0.6554054054054054 0.6327725310583372 0.375 0.7251389443874359
28 0.6554054054054054 0.6307239806329882 0.425 0.6854015082120896
29 0.6531531531531531 0.6296453379295968 0.525 0.6466868996620179
30 0.6666666666666666 0.6296994774728208 0.625 0.6055806487798691
31 0.6599099099099099 0.6336050763860479 0.4 0.6799094080924988
32 0.6756756756756757 0.6222855166808979 0.475 0.6887172400951386
33 0.6756756756756757 0.6212064151291374 0.35 0.7106748223304749
34 0.6801801801801802 0.6184383034706116 0.4 0.6882607221603394
35 0.6734234234234234 0.6166395979958612 0.5 0.649417906999588
36 0.6756756756756757 0.616789774851756 0.45 0.6789019644260407
37 0.6891891891891891 0.6177445247366622 0.5 0.6592068016529083
38 0.6824324324324325 0.6104692309289366 0.35 0.7731880962848663
39 0.6824324324324325 0.6126304577599775 0.6 0.6062355101108551
40 0.6959459459459459 0.6075834897724358 0.375 0.7098042339086532
41 0.704954954954955 0.6109785123451336 0.45 0.7147302657365799
42 0.704954954954955 0.6064160084939217 0.5 0.6502117156982422
43 0.7072072072072072 0.6038359607662167 0.5 0.6629525363445282
44 0.7027027027027027 0.6099775352993527 0.5 0.6688811123371124
45 0.722972972972973 0.6018227413967923 0.475 0.7010379493236542
46 0.7274774774774775 0.5997444455688065 0.5 0.6583130180835723
47 0.704954954954955 0.5966379961988948 0.475 0.669143795967102
48 0.6824324324324325 0.6055222051637666 0.625 0.6046467155218125
49 0.7364864864864865 0.5926303490325138 0.5 0.6619438260793686
50 0.722972972972973 0.5939299746139629 0.525 0.6600868344306946
51 0.7274774774774775 0.5949324495620556 0.525 0.6423490703105926
52 0.7274774774774775 0.5886267420944867 0.525 0.660735759139061
53 0.713963963963964 0.5921292892984442 0.475 0.7117007553577424
54 0.7207207207207207 0.5900900584083419 0.375 0.7245940685272216
55 0.7252252252252253 0.5879452427228292 0.475 0.681326550245285
56 0.7477477477477478 0.5897637919799702 0.5 0.6640790164470672
57 0.7342342342342343 0.5895450372953672 0.525 0.6723419040441513
58 0.740990990990991 0.5789157079683768 0.425 0.72504420876503
59 0.7364864864864865 0.5858978545880532 0.6 0.6050313174724579
60 0.7387387387387387 0.5810258154933517 0.475 0.7251991391181946
61 0.7432432432432432 0.5777974037436752 0.5 0.6636185824871064
62 0.7432432432432432 0.5810562468863822 0.525 0.6528843492269516
63 0.7252252252252253 0.5801695698016399 0.55 0.6682207942008972
64 0.7432432432432432 0.5788167647950284 0.55 0.6664025843143463
65 0.7432432432432432 0.5764875967760343 0.525 0.6338337630033493
66 0.7522522522522522 0.5749548644095928 0.45 0.7123602747917175
67 0.7364864864864865 0.5818652373713415 0.525 0.6693897902965545
68 0.7432432432432432 0.5716450249289607 0.55 0.6566976934671402
69 0.7567567567567568 0.5693653083599366 0.5 0.6936198204755784
70 0.7545045045045045 0.5731568854671341 0.5 0.6649734050035476
71 0.7567567567567568 0.5664290920034185 0.6 0.6194470465183258
72 0.740990990990991 0.5755781246735169 0.5 0.6751552492380142
73 0.759009009009009 0.5653728104389466 0.55 0.6597173392772675
74 0.7545045045045045 0.5649143261415465 0.525 0.7016635179519654
75 0.7545045045045045 0.5690645435908893 0.525 0.6866027534008026
76 0.7454954954954955 0.5671799991044912 0.575 0.6429017931222916
77 0.7657657657657657 0.5664231460373681 0.5 0.674826231598854
78 0.7612612612612613 0.5661869935087256 0.525 0.6706022083759308
79 0.7545045045045045 0.5625714839578749 0.55 0.679187822341919
80 0.7522522522522522 0.5661243884950071 0.55 0.6494794726371765
81 0.7522522522522522 0.5637337627174618 0.525 0.6990964770317077
82 0.7635135135135135 0.5566520653329454 0.575 0.6728703677654266
83 0.759009009009009 0.5626358368375279 0.5 0.7092476606369018
84 0.7612612612612613 0.5632179537871936 0.475 0.6852447211742401
85 0.7680180180180181 0.5574124992430747 0.575 0.6369707137346268
86 0.7454954954954955 0.5624497801333934 0.575 0.6811866462230682
87 0.7522522522522522 0.5605547197230227 0.625 0.6338186204433441
88 0.7657657657657657 0.5574571586943962 0.525 0.6641852617263794
89 0.7612612612612613 0.5560772580069464 0.475 0.709565955400467
90 0.759009009009009 0.5592822145234357 0.6 0.6454176634550095
91 0.75 0.5598050935848339 0.55 0.6518737554550171
92 0.7635135135135135 0.5577915031630714 0.65 0.6155836373567581
93 0.7680180180180181 0.5554206186049694 0.425 0.7248315572738647
94 0.7522522522522522 0.5622514204399006 0.6 0.6271275043487549
95 0.7680180180180181 0.55072561443389 0.575 0.6655884236097336
96 0.7635135135135135 0.5559164009115718 0.5 0.6993279188871384
97 0.7657657657657657 0.5555997080094105 0.625 0.6608505308628082
98 0.7680180180180181 0.5553877018056474 0.475 0.6724513709545136
99 0.7792792792792793 0.5521234118186675 0.525 0.7040050268173218
100 0.7635135135135135 0.5554663555042164 0.55 0.6645566314458847
101 0.7657657657657657 0.550241368579435 0.575 0.6612583518028259
102 0.777027027027027 0.5483033426173098 0.55 0.6762466311454773
103 0.7680180180180181 0.5525164821663419 0.575 0.6752019971609116
104 0.7635135135135135 0.5525550262348072 0.55 0.6492037743330001
105 0.7702702702702703 0.5539571194498388 0.525 0.6896201342344284
106 0.7657657657657657 0.5538586831844605 0.575 0.6736306786537171
107 0.7747747747747747 0.5498848678292455 0.525 0.6898821204900741
108 0.759009009009009 0.548848552209837 0.55 0.6926012814044953
109 0.7657657657657657 0.5509458415143125 0.625 0.6379605561494828
110 0.7680180180180181 0.5492911287793169 0.525 0.7167192667722702
111 0.7702702702702703 0.5486659539175464 0.6 0.6237691819667817
112 0.7725225225225225 0.5470446321341369 0.55 0.697795283794403
113 0.7702702702702703 0.5514524487761764 0.525 0.6980681121349335
114 0.7612612612612613 0.5493386777134629 0.6 0.6658859252929688
115 0.777027027027027 0.5440740673928648 0.55 0.6712933778762817
116 0.7635135135135135 0.5518149102593327 0.6 0.6628721922636032
117 0.7747747747747747 0.5480060064577842 0.6 0.659093514084816
118 0.7680180180180181 0.545956398184235 0.525 0.6792047947645188
119 0.7657657657657657 0.548737452105359 0.475 0.7332557410001754
120 0.7725225225225225 0.5472886672428062 0.625 0.6126190990209579
121 0.7725225225225225 0.5468838609553672 0.525 0.6986115038394928
122 0.777027027027027 0.5442931072132008 0.6 0.6237114518880844
123 0.7747747747747747 0.543735611546147 0.45 0.7262215584516525
124 0.7747747747747747 0.5446318613516318 0.625 0.6315863788127899
125 0.7747747747747747 0.5458430253170632 0.625 0.6495901823043824
126 0.7747747747747747 0.5417069317521276 0.525 0.7349488735198975
127 0.7747747747747747 0.5440265917563224 0.625 0.6526622414588928
128 0.7702702702702703 0.5448678095598478 0.625 0.633109176158905
129 0.7702702702702703 0.5445747439925736 0.55 0.7012031376361847
130 0.777027027027027 0.5435776200380411 0.575 0.6276137351989746
131 0.7747747747747747 0.5418782309368924 0.6 0.6680215120315551
132 0.7747747747747747 0.5458898364423631 0.5 0.7118474245071411
133 0.7747747747747747 0.5407801616836239 0.55 0.6846170276403427
134 0.7747747747747747 0.5414233443973301 0.55 0.6736548990011215
135 0.7747747747747747 0.5439707124018455 0.65 0.6448959946632385
136 0.7725225225225225 0.543076302285667 0.525 0.6857169955968857
137 0.7837837837837838 0.5392975659520777 0.6 0.6714494168758393
138 0.777027027027027 0.5434801685917485 0.55 0.6747359573841095
139 0.7702702702702703 0.5443769545705469 0.6 0.6370718002319335
140 0.7747747747747747 0.5394155179058109 0.525 0.7364974766969681
141 0.7792792792792793 0.5408692861999478 0.625 0.6399976521730423
142 0.7702702702702703 0.5419270605654329 0.575 0.6737888276576995
143 0.7725225225225225 0.5422348997614406 0.55 0.6713806927204132
144 0.7815315315315315 0.5393927967226183 0.575 0.665096202492714
145 0.7747747747747747 0.5390704086234978 0.6 0.6593265861272812
146 0.7747747747747747 0.5411877092477437 0.525 0.7017338931560516
147 0.7747747747747747 0.540768952520044 0.675 0.628519082069397
148 0.777027027027027 0.5386260997604679 0.525 0.7148982256650924
149 0.7702702702702703 0.5418213345446028 0.6 0.6538031339645386
150 0.786036036036036 0.5352653302587904 0.525 0.7225469589233399
151 0.7747747747747747 0.5390938337858733 0.675 0.6184583932161332
152 0.7747747747747747 0.537052980414382 0.525 0.6959818005561829
153 0.7702702702702703 0.5418667914094152 0.6 0.6550791382789611
154 0.7747747747747747 0.5403786465391383 0.6 0.6626240253448487
155 0.7792792792792793 0.5372636302097423 0.525 0.6996765792369842
156 0.786036036036036 0.5366062725986447 0.5 0.7144876301288605
157 0.777027027027027 0.5379445507182731 0.65 0.6324912160634995
158 0.7792792792792793 0.537873892902254 0.55 0.6680797010660171
159 0.7792792792792793 0.5361626462356465 0.575 0.686981377005577
160 0.7792792792792793 0.5406117125137432 0.575 0.6631835460662842
161 0.7837837837837838 0.5353205544991536 0.55 0.6787280559539794
162 0.7702702702702703 0.5382196344770827 0.625 0.6555121660232544
163 0.777027027027027 0.5412227736937033 0.575 0.6563578009605407
164 0.7837837837837838 0.535166599997529 0.55 0.6933056831359863
165 0.7815315315315315 0.5369419267585686 0.6 0.636523249745369
166 0.7792792792792793 0.5377424641235454 0.525 0.7097729444503784
167 0.7792792792792793 0.5350453093782201 0.7 0.6169860601425171
168 0.7837837837837838 0.5374348115276646 0.5 0.7148374557495117
169 0.786036036036036 0.5339191800302213 0.6 0.6515937596559525
170 0.7792792792792793 0.5366174519599021 0.525 0.6830325067043305
171 0.7702702702702703 0.5422290582377631 0.6 0.6716114491224289
172 0.7927927927927928 0.5304892876663724 0.6 0.6411298930644989
173 0.7792792792792793 0.5382899800399402 0.6 0.6671793699264527
174 0.7792792792792793 0.5341934942984367 0.525 0.7047223627567292
175 0.7702702702702703 0.5392126210101016 0.65 0.6287277489900589
176 0.7815315315315315 0.5366735313389752 0.5 0.7299033433198929
177 0.7882882882882883 0.5314587215045551 0.675 0.607419130206108
178 0.7747747747747747 0.5403515876413466 0.5 0.7203765690326691
179 0.777027027027027 0.5386354523199098 0.6 0.6393458783626557
180 0.7837837837837838 0.5316786521726901 0.55 0.7035996317863464
181 0.7747747747747747 0.5388931938119836 0.55 0.6952477931976319
182 0.7837837837837838 0.531718751063218 0.6 0.6448613971471786
183 0.7792792792792793 0.5374740716573354 0.6 0.6540142595767975
184 0.7882882882882883 0.5314241261095614 0.55 0.6722657829523087
185 0.7725225225225225 0.5365465323667269 0.6 0.6813810586929321
186 0.7747747747747747 0.5382759485158835 0.55 0.6612536519765854
187 0.7837837837837838 0.5341737302573951 0.6 0.6867267966270447
188 0.7815315315315315 0.5350290246911951 0.575 0.6436970561742783
189 0.7837837837837838 0.5337484194351746 0.6 0.6698979198932647
190 0.7792792792792793 0.5344126608457651 0.525 0.6833934485912323
191 0.7747747747747747 0.5386207976319768 0.65 0.6280553102493286
192 0.7792792792792793 0.5342218698682012 0.525 0.7078344613313675
193 0.7792792792792793 0.5340350673005387 0.575 0.6571071207523346
194 0.777027027027027 0.5345121933533264 0.55 0.69884774684906
195 0.7815315315315315 0.5348226070941031 0.575 0.6584842801094055
196 0.7725225225225225 0.5392972746410886 0.55 0.7093533486127853
197 0.7905405405405406 0.5308194141667169 0.55 0.6844482123851776
198 0.7815315315315315 0.5332729872819539 0.625 0.6178817987442017
199 0.7815315315315315 0.5357789944958042 0.6 0.6709715187549591
