0 0.5147727272727273 0.6922040411017157 0.6666666666666666 0.6535324596223377
1 0.7704545454545455 0.5902829959988594 0.7380952380952381 0.6220154620352245
2 0.8340909090909091 0.5393411075527018 0.6666666666666666 0.6149253660724276
3 0.8340909090909091 0.5222822551022877 0.6785714285714286 0.6069057101295108
4 0.8477272727272728 0.5145857858386906 0.5833333333333334 0.6440754802454085
5 0.8477272727272728 0.5117161307822574 0.6904761904761905 0.6087222808883304
6 0.8477272727272728 0.5097006350755692 0.7380952380952381 0.5976369324184599
7 0.8613636363636363 0.5064255886457183 0.7142857142857143 0.6136757589521862
8 0.8545454545454545 0.5058148520913991 0.6785714285714286 0.6064531320617312
9 0.8545454545454545 0.5009502171115442 0.6547619047619048 0.6385759356476012
10 0.8590909090909091 0.5002849091183056 0.7142857142857143 0.5998037131059737
11 0.8704545454545455 0.49715456014329734 0.7023809523809523 0.6084185597442445
12 0.8681818181818182 0.49365598898042334 0.6309523809523809 0.62872852456002
13 0.8670454545454546 0.49163767275485126 0.6904761904761905 0.5969358625866118
14 0.8670454545454546 0.4888222122734243 0.6666666666666666 0.6024620405265263
15 0.8818181818181818 0.4843335717916489 0.7023809523809523 0.6027612331367674
16 0.8784090909090909 0.48280305537310514 0.6785714285714286 0.5999855682963416
17 0.8806818181818182 0.4782107616012747 0.6785714285714286 0.5960792203744253
18 0.884090909090909 0.4748351156711578 0.6904761904761905 0.5920102638857705
19 0.8829545454545454 0.4720329325307499 0.6547619047619048 0.616134334178198
20 0.9 0.4699568279764869 0.6785714285714286 0.6010746884913671
21 0.8920454545454546 0.4657624591480602 0.7023809523809523 0.5844554361842927
22 0.8988636363636363 0.46206658496098085 0.7023809523809523 0.598681533620471
23 0.8863636363636364 0.46157564168626614 0.7023809523809523 0.5817596585977645
24 0.9034090909090909 0.45312886752865533 0.6785714285714286 0.6167636272453126
25 0.9068181818181819 0.4520361747254025 0.7142857142857143 0.5791482400326502
26 0.9090909090909091 0.44731635776433076 0.6666666666666666 0.6045318969658443
27 0.9113636363636364 0.4445063284852288 0.7023809523809523 0.5828200635455903
28 0.9181818181818182 0.43810714510354126 0.7261904761904762 0.5783539229915255
29 0.9147727272727273 0.43633929545229133 0.6547619047619048 0.6189150214195251
30 0.9204545454545454 0.43420220572840085 0.7380952380952381 0.5813202957312266
31 0.9181818181818182 0.42943218079480255 0.6904761904761905 0.6054258729730334
32 0.9147727272727273 0.42712527879259804 0.7380952380952381 0.5857687748613811
33 0.9215909090909091 0.4245908265764063 0.7142857142857143 0.587578018506368
34 0.9238636363636363 0.4220282835039226 0.6785714285714286 0.6010099592662993
35 0.9204545454545454 0.41916459067301315 0.6785714285714286 0.5896790240492139
36 0.9386363636363636 0.41490371240810914 0.6904761904761905 0.5795750532831464
37 0.9318181818181818 0.4142087246883999 0.6666666666666666 0.6208667499678475
38 0.9318181818181818 0.4124147050760009 0.6785714285714286 0.6082164716152918
39 0.9329545454545455 0.4097031376578591 0.6785714285714286 0.6093361164842334
40 0.9352272727272727 0.40877985696900976 0.7023809523809523 0.6040631944224948
41 0.9443181818181818 0.40540027212012897 0.6547619047619048 0.5860414448238555
42 0.9352272727272727 0.404615083201365 0.7023809523809523 0.5785721937815348
43 0.9454545454545454 0.4028355355967175 0.6785714285714286 0.6174570421377817
44 0.9340909090909091 0.40372845950451763 0.6428571428571429 0.6011616204466138
45 0.9295454545454546 0.40226054029031233 0.7142857142857143 0.5711137794312977
46 0.9375 0.3996399855071848 0.6428571428571429 0.62169377718653
47 0.9397727272727273 0.3973034345290878 0.6785714285714286 0.5788089647179558
48 0.946590909090909 0.39574781574986195 0.7261904761904762 0.5717724292051225
49 0.9409090909090909 0.39671107137745076 0.6547619047619048 0.6211957392238435
50 0.9443181818181818 0.39538553980263796 0.7380952380952381 0.5553789663882482
51 0.9420454545454545 0.39406285949728703 0.7142857142857143 0.5957398741018205
52 0.9420454545454545 0.3933586826378649 0.7261904761904762 0.5847600812003726
53 0.95 0.39079825105992233 0.7023809523809523 0.593524911573955
54 0.9420454545454545 0.39263502738692546 0.6904761904761905 0.5871473848819733
55 0.9522727272727273 0.3860009850426154 0.6547619047619048 0.5895747542381287
56 0.9397727272727273 0.39075340967286715 0.6785714285714286 0.6016039025215876
57 0.95 0.3872219727797942 0.7023809523809523 0.5956958461375463
58 0.9443181818181818 0.3871553280136802 0.6785714285714286 0.5816566702865419
59 0.9431818181818182 0.38693334446711974 0.7023809523809523 0.5831718132609413
60 0.9511363636363637 0.3857069504531947 0.7142857142857143 0.5912877406392779
61 0.9522727272727273 0.38365013084628363 0.6785714285714286 0.6201522038096473
62 0.9568181818181818 0.38284940096465025 0.6904761904761905 0.5851079821586609
63 0.9556818181818182 0.3824350686235861 0.6666666666666666 0.59334977325939
64 0.9488636363636364 0.38330518075010994 0.6785714285714286 0.6085936796097529
65 0.9477272727272728 0.3829584547064521 0.7380952380952381 0.5806581236067272
66 0.9545454545454546 0.38167197189547797 0.7261904761904762 0.5791697175729842
67 0.9522727272727273 0.38060126765207813 0.7023809523809523 0.5731369029907953
68 0.9511363636363637 0.38070595928213813 0.7023809523809523 0.6174359832491193
69 0.9534090909090909 0.37834130959077317 0.7142857142857143 0.5866249019191379
70 0.9477272727272728 0.3800200238823891 0.6785714285714286 0.5903759414241427
71 0.9545454545454546 0.3790923529050567 0.7261904761904762 0.5741211984838758
72 0.946590909090909 0.3770013167099519 0.6547619047619048 0.5963562585058666
73 0.9534090909090909 0.3786820094693791 0.6904761904761905 0.5816468866098494
74 0.9534090909090909 0.37964274273677306 0.6904761904761905 0.5828169328825814
75 0.9579545454545455 0.37535353113304487 0.7023809523809523 0.595826214268094
76 0.9534090909090909 0.37648464129729703 0.7142857142857143 0.5788278650669825
77 0.9545454545454546 0.37716307653622194 0.6428571428571429 0.6191653226103101
78 0.9545454545454546 0.3766967984763059 0.7261904761904762 0.5658089490163893
79 0.9522727272727273 0.3751248088749972 0.7023809523809523 0.603534494127546
80 0.9522727272727273 0.37562717416069724 0.75 0.5676131844520569
81 0.9556818181818182 0.37445769973776555 0.7023809523809523 0.5937934219837189
82 0.9568181818181818 0.3739259359511462 0.7023809523809523 0.5918578959646679
83 0.9545454545454546 0.3736101718111472 0.7380952380952381 0.5806879670847029
84 0.9545454545454546 0.3734606862068176 0.6428571428571429 0.6235094765822092
85 0.9534090909090909 0.3747357964515686 0.75 0.5728586245150793
86 0.9579545454545455 0.3736118744720112 0.7142857142857143 0.5970428571814582
87 0.9556818181818182 0.37225397283380685 0.7261904761904762 0.5876302704924629
88 0.9579545454545455 0.3723656265573068 0.7380952380952381 0.5576615177449726
89 0.9602272727272727 0.37291054170240057 0.6904761904761905 0.5948307329700107
90 0.9545454545454546 0.37023131291974676 0.6785714285714286 0.601551027525039
91 0.9613636363636363 0.37094197219068353 0.75 0.565385714882896
92 0.9613636363636363 0.37135375033725393 0.6785714285714286 0.616495647600719
93 0.9568181818181818 0.3713164893063632 0.7619047619047619 0.5631380833330608
94 0.9579545454545455 0.3711122684858062 0.7142857142857143 0.5685380101203918
95 0.9556818181818182 0.3705710247159004 0.7142857142857143 0.5868098111379714
96 0.9602272727272727 0.3710599972443147 0.7380952380952381 0.5728129914828709
97 0.9613636363636363 0.37049233642491425 0.7261904761904762 0.5868323913642338
98 0.9568181818181818 0.3692005809057843 0.7023809523809523 0.600364815621149
99 0.9579545454545455 0.37114196040413594 0.7142857142857143 0.5743537445863088
