0 0.38288288288288286 0.7025859291489059 0.375 0.7025883316993713
1 0.44144144144144143 0.6985559366844796 0.425 0.6904188752174377
2 0.5135135135135135 0.6923451928405074 0.525 0.6983653783798218
3 0.6373873873873874 0.6673260988952877 0.575 0.6859730005264282
4 0.6936936936936937 0.6358064439919617 0.525 0.7004464745521546
5 0.7027027027027027 0.6284704901076652 0.375 0.7128147482872009
6 0.7342342342342343 0.6223363175585463 0.375 0.709486985206604
7 0.7297297297297297 0.620255467590985 0.4 0.7099168241024018
8 0.7342342342342343 0.6169549087146381 0.35 0.7331808149814606
9 0.7364864864864865 0.6137735250296893 0.375 0.724926370382309
10 0.740990990990991 0.6076050508129704 0.425 0.7333416819572449
11 0.7545045045045045 0.6046944274021698 0.325 0.7352882385253906
12 0.7545045045045045 0.6063274118277404 0.325 0.7525900304317474
13 0.7477477477477478 0.6034007386581318 0.275 0.7323246359825134
14 0.7635135135135135 0.5978157251804799 0.375 0.7312104225158691
15 0.7792792792792793 0.5962213009327382 0.45 0.7283531963825226
16 0.7837837837837838 0.5960776821987049 0.425 0.7538983345031738
17 0.7747747747747747 0.5921337392416086 0.35 0.7435537934303283
18 0.7905405405405406 0.5892974873920819 0.35 0.7478628516197204
19 0.7815315315315315 0.5866331444667267 0.35 0.7716465592384338
20 0.7702702702702703 0.5859309005307721 0.375 0.7322962641716003
21 0.7680180180180181 0.5856381402359353 0.275 0.7788631916046143
22 0.7882882882882883 0.583154708147049 0.35 0.7589980065822601
23 0.7905405405405406 0.5772287238825549 0.275 0.7583918154239655
24 0.7837837837837838 0.5767502384679811 0.4 0.762351906299591
25 0.7680180180180181 0.5800646062906798 0.3 0.773989999294281
26 0.7792792792792793 0.5718277810930131 0.375 0.7768032670021057
27 0.7837837837837838 0.5689948536791243 0.35 0.7988716959953308
28 0.8018018018018018 0.5662297815889925 0.375 0.7768692195415496
29 0.7927927927927928 0.5652167708487124 0.375 0.7783430099487305
30 0.7680180180180181 0.5661095568725655 0.35 0.785924780368805
31 0.8018018018018018 0.5597807775746595 0.325 0.7811782598495484
32 0.7882882882882883 0.5559811473966719 0.375 0.7851796865463256
33 0.7972972972972973 0.5527679984633987 0.375 0.8150897145271301
34 0.7815315315315315 0.5523370254684139 0.375 0.7800434291362762
35 0.8018018018018018 0.5521166555516355 0.3 0.8247666239738465
36 0.7882882882882883 0.5509237622892534 0.375 0.8083382785320282
37 0.7905405405405406 0.5508401240851428 0.275 0.8297719061374664
38 0.7995495495495496 0.5435869191680942 0.35 0.8122834861278534
39 0.7972972972972973 0.547910324088088 0.325 0.8235007226467133
40 0.795045045045045 0.5461745404445373 0.25 0.858567351102829
41 0.8018018018018018 0.540629796616666 0.425 0.8007541716098785
42 0.7905405405405406 0.5431378717358047 0.35 0.8285695374011993
43 0.7882882882882883 0.5427456640445434 0.3 0.8272382557392121
44 0.7972972972972973 0.5457305516208615 0.275 0.8691652119159698
45 0.7882882882882883 0.5408508514498805 0.375 0.8031592905521393
46 0.7747747747747747 0.5402962871499963 0.35 0.8154410779476166
47 0.8085585585585585 0.533539025096206 0.375 0.8149917304515839
48 0.7747747747747747 0.5478755246411573 0.25 0.8621221721172333
49 0.786036036036036 0.5344848329419488 0.375 0.8204354524612427
50 0.7972972972972973 0.5335264369711146 0.375 0.8331947505474091
51 0.7905405405405406 0.5363703963455854 0.25 0.8963345408439636
52 0.786036036036036 0.536574479695913 0.325 0.8337812781333923
53 0.7927927927927928 0.5359118674789463 0.325 0.8389588832855225
54 0.7972972972972973 0.537061434608322 0.3 0.861526757478714
55 0.7995495495495496 0.5327689000615129 0.275 0.8652839839458466
56 0.8040540540540541 0.5308344876980996 0.3 0.8447377383708954
57 0.7905405405405406 0.5357793953504648 0.275 0.869007158279419
58 0.7972972972972973 0.5323610517892752 0.25 0.861531937122345
59 0.7905405405405406 0.5321989505140631 0.25 0.8950536608695984
60 0.7815315315315315 0.5335356708582457 0.35 0.8284806787967682
61 0.7927927927927928 0.5307832607277879 0.25 0.8944371044635773
62 0.7882882882882883 0.5327629613446759 0.4 0.818799090385437
63 0.786036036036036 0.5313164930085879 0.275 0.873837661743164
64 0.7972972972972973 0.5331406703403404 0.3 0.875071930885315
65 0.795045045045045 0.5270259632720603 0.325 0.85765061378479
66 0.7905405405405406 0.529925268244099 0.275 0.8568343758583069
67 0.7972972972972973 0.5325708147641774 0.275 0.8672616899013519
68 0.795045045045045 0.5256738109631581 0.3 0.8815344512462616
69 0.7837837837837838 0.5282330306263657 0.325 0.8629987239837646
70 0.7972972972972973 0.5271361395045444 0.25 0.8875166773796082
71 0.7972972972972973 0.5260711902970666 0.35 0.8384946703910827
72 0.795045045045045 0.5287646605624808 0.225 0.9246425867080689
73 0.7882882882882883 0.5285316600992873 0.4 0.8000004470348359
74 0.7882882882882883 0.5319224885992102 0.275 0.8871963500976563
75 0.8063063063063063 0.5237692017276008 0.275 0.8962590992450714
76 0.7995495495495496 0.5263810471908467 0.3 0.8631532967090607
77 0.7972972972972973 0.5274957853394586 0.35 0.8414407730102539
78 0.7972972972972973 0.5249967260940654 0.325 0.8725112915039063
79 0.7995495495495496 0.5265578410109958 0.325 0.8727390050888062
80 0.7972972972972973 0.5272197522021629 0.275 0.9073622465133667
81 0.795045045045045 0.5237478036601264 0.325 0.8547907590866088
82 0.795045045045045 0.526357400793213 0.3 0.8860650420188904
83 0.8018018018018018 0.5269570146595035 0.275 0.8513067364692688
84 0.7972972972972973 0.5274103372483641 0.275 0.8444089233875275
85 0.8018018018018018 0.5252458426329467 0.275 0.9038857460021973
86 0.7972972972972973 0.5244746712950973 0.2 0.917953884601593
87 0.7995495495495496 0.5249942895528432 0.325 0.8634159207344055
88 0.8040540540540541 0.5270422130554646 0.225 0.874836903810501
89 0.7972972972972973 0.5265239971178072 0.3 0.8416048854589462
90 0.8085585585585585 0.5220802149794124 0.275 0.8731150329113007
91 0.7972972972972973 0.5267440628361058 0.275 0.8875545263290405
92 0.8040540540540541 0.5231479395617236 0.3 0.8998089015483857
93 0.8040540540540541 0.5238011723703092 0.25 0.8377833724021911
94 0.795045045045045 0.5291026183613786 0.25 0.9029490113258362
95 0.8040540540540541 0.5223657907666387 0.225 0.8983315825462341
96 0.7927927927927928 0.5273461331118334 0.25 0.8639878809452057
97 0.786036036036036 0.5284391179815069 0.275 0.8839820325374603
98 0.8175675675675675 0.5175750988560754 0.275 0.8737007439136505
99 0.7995495495495496 0.5231083593926988 0.275 0.8471280813217164
100 0.8040540540540541 0.5270681448347934 0.275 0.8808661282062531
101 0.8018018018018018 0.52319440406722 0.25 0.8656662583351136
102 0.8040540540540541 0.5188567058460133 0.225 0.8886279225349426
103 0.8063063063063063 0.5240271690192523 0.25 0.8884217381477356
104 0.7905405405405406 0.5287212506607846 0.275 0.8601979434490203
105 0.795045045045045 0.525269439360043 0.225 0.9102937936782837
106 0.8018018018018018 0.5206174176555496 0.25 0.8621058344841004
107 0.8085585585585585 0.5228482374736855 0.325 0.8636144757270813
108 0.7837837837837838 0.524627950008925 0.275 0.8969431698322297
109 0.8085585585585585 0.5240317140076611 0.225 0.9178260803222656
110 0.7995495495495496 0.5232496095133258 0.325 0.8545782089233398
111 0.795045045045045 0.5274794697761536 0.325 0.8577933430671691
112 0.8040540540540541 0.518025112850172 0.3 0.886652284860611
113 0.8040540540540541 0.5203060518513929 0.35 0.8513622105121612
114 0.7995495495495496 0.5207021244474359 0.25 0.9118349611759186
115 0.7972972972972973 0.5243890511023032 0.25 0.9148529171943665
116 0.795045045045045 0.5250843309604369 0.325 0.8572066366672516
117 0.8085585585585585 0.5187631491068248 0.3 0.8968372285366059
118 0.8040540540540541 0.5230415264765421 0.3 0.8797198414802552
119 0.8040540540540541 0.5222543107496725 0.25 0.8617872714996337
120 0.7995495495495496 0.5226405654941593 0.275 0.8673539340496064
121 0.7972972972972973 0.524870119921796 0.2 0.905990469455719
122 0.8018018018018018 0.5186057549876135 0.3 0.8685504376888276
123 0.7995495495495496 0.5222851056773383 0.275 0.8481759309768677
124 0.7972972972972973 0.5238973299662272 0.2 0.9138942241668702
125 0.8085585585585585 0.5186080245284347 0.225 0.8945791542530059
126 0.7995495495495496 0.522085549058141 0.3 0.8656023859977722
127 0.8063063063063063 0.52208836604883 0.25 0.8756133556365967
128 0.8018018018018018 0.5208208993211523 0.225 0.9094916880130768
129 0.7972972972972973 0.5214471494829332 0.275 0.868886798620224
130 0.8040540540540541 0.523156882406355 0.225 0.9011470139026642
131 0.8085585585585585 0.5169358895168649 0.275 0.8535008311271668
132 0.8018018018018018 0.5214780574446326 0.275 0.8564336717128753
133 0.8085585585585585 0.5216064190005397 0.225 0.891517573595047
134 0.8018018018018018 0.5219884463795671 0.35 0.8656295239925385
135 0.8063063063063063 0.5198103525080122 0.225 0.9304240882396698
136 0.8040540540540541 0.5220927276589848 0.25 0.8501369476318359
137 0.8085585585585585 0.5204077865089383 0.25 0.8770373880863189
138 0.8063063063063063 0.518195890091561 0.25 0.9091042459011078
139 0.7995495495495496 0.5218222498356759 0.225 0.8884325057268143
140 0.8018018018018018 0.520781086640315 0.35 0.8381510138511657
141 0.8108108108108109 0.5190543274621706 0.25 0.8938940942287446
142 0.7972972972972973 0.5243777605864379 0.2 0.9069308161735534
143 0.8040540540540541 0.519173465065054 0.275 0.8812129974365235
144 0.8040540540540541 0.5195129766120566 0.3 0.870065712928772
145 0.8063063063063063 0.5190847019354502 0.275 0.8917080879211425
146 0.7995495495495496 0.5232311309994878 0.275 0.8619911193847656
147 0.8018018018018018 0.5220402269750029 0.225 0.9228739559650421
148 0.8040540540540541 0.5198563906523559 0.25 0.8549288511276245
149 0.8063063063063063 0.5194976217037922 0.275 0.8821746170520782
