0 0.48394495412844035 0.6959144894136201 0.5 0.685173624753952
1 0.5435779816513762 0.6903594415122216 0.5 0.682948249578476
2 0.6376146788990825 0.6753926359185385 0.55 0.6710888683795929
3 0.6697247706422018 0.667470158240117 0.55 0.6701334774494171
4 0.6720183486238532 0.6661796569824219 0.675 0.6403586804866791
5 0.6857798165137615 0.6580212127178087 0.6 0.6520788311958313
6 0.6697247706422018 0.6559043690698956 0.6 0.6630115687847138
7 0.6811926605504587 0.6539389895736625 0.6 0.6432863652706147
8 0.676605504587156 0.6479130431052742 0.725 0.6504363775253296
9 0.6857798165137615 0.6494928685896987 0.625 0.6617529809474945
10 0.6674311926605505 0.6449579306698721 0.55 0.6616599917411804
11 0.6743119266055045 0.6449147107404306 0.55 0.6666870057582855
12 0.6857798165137615 0.6394606183428283 0.7 0.6285882949829101
13 0.6995412844036697 0.6410006076917736 0.55 0.6693998873233795
14 0.6605504587155964 0.6424132601930461 0.65 0.6486896216869354
15 0.6926605504587156 0.6359489931972748 0.6 0.6462774574756622
16 0.7041284403669725 0.637905473009162 0.65 0.637869119644165
17 0.7477064220183486 0.6323484980731929 0.6 0.6599918603897095
18 0.676605504587156 0.6361968282165877 0.55 0.6570766866207123
19 0.7041284403669725 0.6344350554527493 0.625 0.637734442949295
20 0.7041284403669725 0.6303837107955863 0.55 0.6611486315727234
21 0.713302752293578 0.6290639627964125 0.65 0.6296613454818726
22 0.6903669724770642 0.6305124497194903 0.525 0.669791966676712
23 0.7293577981651376 0.6294004747626978 0.65 0.6465054154396057
24 0.6972477064220184 0.6266182543487724 0.575 0.6483871519565583
25 0.713302752293578 0.6270148387742699 0.6 0.6288706243038178
26 0.7018348623853211 0.6278600900545033 0.55 0.6464560985565185
27 0.7224770642201835 0.6252858622358479 0.5 0.6475778341293335
28 0.7087155963302753 0.6251427471090895 0.6 0.6337488949298858
29 0.7201834862385321 0.6220540762494463 0.55 0.6463379681110382
30 0.6903669724770642 0.6253415507460953 0.5 0.646850323677063
31 0.7270642201834863 0.6209970488460785 0.625 0.6418534636497497
32 0.694954128440367 0.6251227751784368 0.625 0.6295608639717102
33 0.7178899082568807 0.6176799204918223 0.5 0.6526344537734985
34 0.7155963302752294 0.6230637529574403 0.55 0.6408365488052368
35 0.7247706422018348 0.6185955470855083 0.55 0.6534406065940856
36 0.7224770642201835 0.617473046440597 0.55 0.6321972727775573
37 0.7224770642201835 0.6167085271909696 0.475 0.6600081324577332
38 0.7178899082568807 0.6203330511893701 0.6 0.6312059164047241
39 0.7224770642201835 0.6149054814916138 0.55 0.6455136179924011
40 0.7385321100917431 0.6126758390610371 0.5 0.6601941585540771
41 0.7270642201834863 0.6153953633177172 0.55 0.6413238406181335
42 0.7087155963302753 0.6188343938337554 0.65 0.6180193662643433
43 0.7339449541284404 0.6122956891125495 0.55 0.6327663898468018
44 0.731651376146789 0.6155426972502962 0.575 0.6442913055419922
45 0.7362385321100917 0.6133890482810659 0.575 0.6341211080551148
46 0.7224770642201835 0.6119611337097413 0.6 0.6301159083843231
47 0.7270642201834863 0.6142884580367202 0.475 0.6622709453105926
48 0.731651376146789 0.6118471373658662 0.575 0.6399975836277008
49 0.7178899082568807 0.6119907397195834 0.55 0.6360972106456757
50 0.7155963302752294 0.6097817913107916 0.575 0.6270867466926575
51 0.7362385321100917 0.6122914867116771 0.575 0.6277266919612885
52 0.7385321100917431 0.6102670425668769 0.55 0.636023861169815
53 0.7362385321100917 0.612547052015952 0.525 0.6522321999073029
54 0.75 0.6064890787142132 0.55 0.6386505544185639
55 0.7178899082568807 0.6109424520523177 0.55 0.6412797331809997
56 0.7293577981651376 0.6083499649795917 0.6 0.6261576175689697
57 0.7293577981651376 0.6086555817805299 0.6 0.6256822764873504
58 0.7385321100917431 0.6078698558544894 0.525 0.6380325376987457
59 0.7224770642201835 0.609912406413927 0.55 0.6416881322860718
60 0.7293577981651376 0.6082855823936812 0.525 0.6405674278736114
61 0.7431192660550459 0.6083491548485712 0.625 0.6076284646987915
62 0.7293577981651376 0.6055740566428648 0.6 0.6227952480316162
63 0.7385321100917431 0.6055343613165234 0.55 0.6411347985267639
64 0.7293577981651376 0.6070286527686163 0.575 0.6197772562503815
65 0.7362385321100917 0.6060480850005369 0.5 0.6624246120452881
66 0.7293577981651376 0.6051388768427962 0.475 0.6434826076030731
67 0.7408256880733946 0.6050644495071621 0.625 0.6162456572055817
68 0.7362385321100917 0.6050172390740945 0.575 0.6362443298101426
69 0.7293577981651376 0.6058281340183468 0.675 0.5932976514101028
70 0.7431192660550459 0.6023546479163914 0.525 0.6486898720264435
71 0.7362385321100917 0.6045899771222281 0.575 0.62713223695755
72 0.7431192660550459 0.6029387485543523 0.575 0.6410868465900421
73 0.731651376146789 0.6042972239879293 0.675 0.6072024405002594
74 0.7408256880733946 0.6035666249760794 0.6 0.6362949430942535
75 0.7477064220183486 0.600145037021112 0.525 0.6404596447944642
76 0.7408256880733946 0.6017104277917005 0.55 0.6376671314239502
77 0.7408256880733946 0.6025370646507369 0.625 0.6073181986808777
78 0.7408256880733946 0.6007799180822635 0.575 0.6248843014240265
79 0.7339449541284404 0.603403898280695 0.6 0.6338367640972138
80 0.7385321100917431 0.6027143641349373 0.625 0.6318150997161865
81 0.7431192660550459 0.6008763362508301 0.575 0.6241072893142701
82 0.7339449541284404 0.6016341147072818 0.575 0.6404544830322265
83 0.7477064220183486 0.6005213091132837 0.6 0.6242963910102844
84 0.731651376146789 0.6030883731645181 0.625 0.598335725069046
85 0.7522935779816514 0.5960032062246166 0.45 0.6673664927482605
86 0.7339449541284404 0.6023390353272814 0.675 0.597987887263298
87 0.7408256880733946 0.5981511492794807 0.55 0.6377243578433991
88 0.7408256880733946 0.5989474883866966 0.525 0.6456357300281524
89 0.7362385321100917 0.5999947616813379 0.7 0.6023654341697693
90 0.7385321100917431 0.5991834325527926 0.625 0.6155697047710419
91 0.7477064220183486 0.5983440039354727 0.625 0.6279467016458511
92 0.7431192660550459 0.5997639921827054 0.625 0.6265238761901856
93 0.7454128440366973 0.5975739821928356 0.675 0.6072612106800079
94 0.75 0.5984454163170736 0.475 0.6583831191062928
95 0.7385321100917431 0.5989274680614471 0.575 0.6138099193572998
96 0.731651376146789 0.6018518337962824 0.6 0.6319151818752289
97 0.7431192660550459 0.59779872615403 0.575 0.6320709824562073
98 0.7339449541284404 0.5987178486421567 0.7 0.6120602399110794
99 0.7385321100917431 0.5977252924114193 0.6 0.6242485225200654
100 0.7431192660550459 0.5977135841999579 0.65 0.6133062243461609
101 0.7431192660550459 0.5954047703961713 0.575 0.6323067903518677
102 0.731651376146789 0.5984378850788151 0.625 0.6258908569812774
103 0.7339449541284404 0.597758035867586 0.7 0.6105988621711731
104 0.7408256880733946 0.5977438166054017 0.6 0.6306260585784912
105 0.7431192660550459 0.5975554995580551 0.6 0.6124259650707244
106 0.7293577981651376 0.5975589940854169 0.625 0.6242307186126709
107 0.75 0.5939369015737411 0.55 0.6341384470462799
108 0.7362385321100917 0.599454398822347 0.7 0.6111346483230591
109 0.7431192660550459 0.5942771754680424 0.625 0.6250626862049102
110 0.7477064220183486 0.59610506454739 0.6 0.6267004132270813
111 0.7362385321100917 0.5980210096464245 0.625 0.6335797846317291
112 0.7408256880733946 0.5950222969602007 0.65 0.6215029925107955
113 0.7408256880733946 0.5951239452996385 0.675 0.6071234166622161
114 0.731651376146789 0.5994345050886136 0.7 0.6092680335044861
115 0.7385321100917431 0.5928077763373699 0.625 0.628215628862381
116 0.7385321100917431 0.5967024605755412 0.625 0.6174081176519394
117 0.7339449541284404 0.5939673458764313 0.625 0.6129886984825135
118 0.7408256880733946 0.5954514616126314 0.625 0.6242043256759644
119 0.7454128440366973 0.5959377931345493 0.575 0.639283949136734
120 0.7431192660550459 0.5941877411592991 0.625 0.6145207047462463
121 0.7408256880733946 0.5957048540815301 0.675 0.6179864645004273
122 0.7362385321100917 0.5952201936769923 0.65 0.6085777431726456
123 0.7477064220183486 0.5929567715443602 0.6 0.6320651233196258
124 0.7293577981651376 0.5968256972798514 0.6 0.627201360464096
125 0.7339449541284404 0.5956663273343252 0.6 0.6365608096122741
126 0.7362385321100917 0.5948660146752629 0.675 0.6056309580802918
127 0.7454128440366973 0.5922736036121299 0.625 0.6169947445392608
128 0.7362385321100917 0.5967023249613036 0.7 0.6101853549480438
129 0.7431192660550459 0.5941138461642309 0.575 0.6308343231678009
130 0.7408256880733946 0.5966719036255408 0.65 0.619646954536438
131 0.7293577981651376 0.5947542094856227 0.7 0.5966546714305878
132 0.75 0.5938444698075636 0.675 0.6234151542186737
133 0.7385321100917431 0.5950766905732111 0.575 0.6407191276550293
134 0.7293577981651376 0.595718825628998 0.625 0.6153528273105622
135 0.7454128440366973 0.5943279170661891 0.65 0.629669314622879
136 0.7522935779816514 0.5914001699981339 0.625 0.6101117134094238
137 0.7362385321100917 0.5954712697672188 0.575 0.6370818495750428
138 0.75 0.5915855018917574 0.725 0.609316834807396
139 0.731651376146789 0.5975614116279357 0.625 0.6107262372970581
140 0.7545871559633027 0.5922183889314669 0.7 0.6051068246364594
141 0.7408256880733946 0.5945658596283799 0.6 0.6351813852787018
142 0.7454128440366973 0.5931814422301196 0.675 0.6218872725963592
143 0.7431192660550459 0.5946423796885604 0.625 0.6211653620004653
144 0.7431192660550459 0.593874351147118 0.725 0.5960200875997543
145 0.7477064220183486 0.5919923670248154 0.625 0.6270231962203979
146 0.7385321100917431 0.5920884909979794 0.6 0.6272677421569824
147 0.7408256880733946 0.5958543447179532 0.675 0.6079622089862824
148 0.7477064220183486 0.5922410824430098 0.6 0.6366390883922577
149 0.7339449541284404 0.5944485653431044 0.675 0.6196891486644744
150 0.7454128440366973 0.5928264547378645 0.65 0.6200079023838043
151 0.7454128440366973 0.5918462243648844 0.675 0.6011859238147735
152 0.7454128440366973 0.5912528305972388 0.675 0.6019064784049988
153 0.7362385321100917 0.5960295875684931 0.6 0.6363322317600251
154 0.7431192660550459 0.5921571063339164 0.675 0.6100193798542023
155 0.7408256880733946 0.5943454881326868 0.65 0.6183642387390137
156 0.7431192660550459 0.5930559621491563 0.65 0.6207108676433564
157 0.7408256880733946 0.593070352022801 0.725 0.5972952663898468
158 0.75 0.5910851728478703 0.55 0.6314585328102111
159 0.7431192660550459 0.5929839673939101 0.65 0.6269395828247071
160 0.7477064220183486 0.5912822318186454 0.725 0.5967349708080292
161 0.7408256880733946 0.5928629967597646 0.6 0.6352021038532257
162 0.7408256880733946 0.5953425970099387 0.6 0.6278164625167847
163 0.7522935779816514 0.587809142716434 0.725 0.5989915609359742
164 0.7431192660550459 0.5924728728762461 0.6 0.6236522972583771
165 0.7454128440366973 0.5922122190304853 0.675 0.6127061367034912
166 0.7454128440366973 0.5920094503175228 0.65 0.6106226742267609
167 0.7408256880733946 0.5947574527438627 0.675 0.6159403204917908
168 0.7477064220183486 0.5904777473812803 0.6 0.6309244453907012
169 0.7408256880733946 0.5930774416945396 0.7 0.5943118691444397
170 0.7431192660550459 0.5919918797978567 0.6 0.6415423810482025
171 0.7385321100917431 0.5930292404026066 0.725 0.6044650435447693
172 0.7477064220183486 0.5902569972047018 0.675 0.6052728056907654
173 0.7362385321100917 0.5960366529062253 0.65 0.6102953732013703
174 0.7477064220183486 0.5910985458881484 0.6 0.6378462493419648
175 0.7408256880733946 0.593955228088099 0.675 0.6045209109783173
176 0.7477064220183486 0.5900689109202919 0.675 0.6117441236972809
177 0.7431192660550459 0.5914690759750681 0.625 0.6233161270618439
178 0.7339449541284404 0.5942179139600982 0.65 0.6259345471858978
179 0.7431192660550459 0.5926584363530535 0.7 0.6044411420822143
180 0.7431192660550459 0.5901676853862378 0.675 0.6257454931735993
181 0.7431192660550459 0.5915169956487253 0.65 0.6198837697505951
182 0.7385321100917431 0.5922247983446909 0.65 0.6245053917169571
183 0.7408256880733946 0.5920859703777033 0.7 0.6027962923049927
184 0.7477064220183486 0.5903756574753227 0.675 0.6009675472974777
185 0.7408256880733946 0.5927185973989855 0.55 0.6398532390594482
186 0.731651376146789 0.5943987744117002 0.775 0.5852532386779785
187 0.7477064220183486 0.5898765527873958 0.7 0.6090517818927765
188 0.7385321100917431 0.5927132488390722 0.575 0.6467717200517654
189 0.7454128440366973 0.5923294736704695 0.675 0.6023330569267273
190 0.7454128440366973 0.5905507433851924 0.675 0.6166745305061341
191 0.7362385321100917 0.5925175189425093 0.675 0.6177931785583496
192 0.7477064220183486 0.5902615181349833 0.725 0.5996785938739777
193 0.7385321100917431 0.5927220407975923 0.625 0.6239513635635376
194 0.731651376146789 0.5948573504019221 0.725 0.6098808109760284
195 0.7454128440366973 0.5903811184091305 0.6 0.6292815566062927
196 0.7454128440366973 0.5891759034690507 0.7 0.6213504672050476
197 0.7408256880733946 0.5912724922009565 0.7 0.6008781254291534
198 0.7362385321100917 0.5941828374468953 0.675 0.6124025464057923
199 0.7454128440366973 0.5893870433536145 0.65 0.622156423330307
