0 0.4908256880733945 0.6938579323094919 0.475 0.692822152376175
1 0.5275229357798165 0.6929961612465185 0.5 0.693103039264679
2 0.4908256880733945 0.6931887646333887 0.425 0.6935114383697509
3 0.5412844036697247 0.6926493010389696 0.6 0.690673154592514
4 0.5229357798165137 0.6924070442488434 0.4 0.6950961053371429
5 0.5298165137614679 0.6919543065062357 0.625 0.6876711249351501
6 0.5711009174311926 0.6899351543242779 0.7 0.6826171278953552
7 0.6009174311926605 0.687206137070962 0.55 0.6867128491401673
8 0.5481651376146789 0.6898490545946524 0.8 0.6730674207210541
9 0.5779816513761468 0.6815410907115411 0.85 0.662839537858963
10 0.5711009174311926 0.6812277589369258 0.725 0.652479374408722
11 0.5871559633027523 0.6748353111634561 0.6 0.6612607777118683
12 0.6330275229357798 0.6648447365935789 0.55 0.6663822054862976
13 0.6490825688073395 0.6544213371539335 0.425 0.7155565083026886
14 0.6651376146788991 0.6482612578147048 0.625 0.6614216148853302
15 0.658256880733945 0.6415797720808502 0.55 0.6903180301189422
16 0.6490825688073395 0.6442259550094604 0.525 0.6979112923145294
17 0.6605504587155964 0.6345006462630876 0.65 0.639643543958664
18 0.6444954128440367 0.6399950819824813 0.625 0.6523052960634231
19 0.6490825688073395 0.6339153018566447 0.625 0.6273233294487
20 0.6651376146788991 0.6218931729640436 0.55 0.6916224241256714
21 0.6605504587155964 0.6285413418887952 0.525 0.7057584583759308
22 0.6811926605504587 0.6152079304970732 0.45 0.7502022683620453
23 0.6743119266055045 0.6190508010737393 0.6 0.667908763885498
24 0.6697247706422018 0.6133645906907703 0.45 0.7624679803848267
25 0.676605504587156 0.6166670281405843 0.55 0.6908409595489502
26 0.6903669724770642 0.606804635546623 0.5 0.716731071472168
27 0.6788990825688074 0.6078133796333173 0.575 0.6777495265007019
28 0.694954128440367 0.6039832797619181 0.475 0.7381187438964844
29 0.6857798165137615 0.6058373402018066 0.5 0.7377277791500092
30 0.6880733944954128 0.6039008325939879 0.525 0.7167740762233734
31 0.694954128440367 0.5981237929348552 0.55 0.7072882950305939
32 0.7087155963302753 0.5972122714060162 0.5 0.7324962675571441
33 0.7087155963302753 0.5930842855654725 0.45 0.7477935969829559
34 0.7064220183486238 0.5943011816488494 0.575 0.6888607561588287
35 0.6995412844036697 0.5919401492547551 0.6 0.6756732255220413
36 0.7110091743119266 0.5896277654608455 0.475 0.7667998254299164
37 0.7041284403669725 0.5901198037173769 0.475 0.7443916141986847
38 0.7110091743119266 0.5892266961959524 0.6 0.6902647852897644
39 0.713302752293578 0.5873853769324241 0.525 0.7096446633338929
40 0.7224770642201835 0.5795756728824125 0.525 0.7171406239271164
41 0.713302752293578 0.5831001428289151 0.5 0.742708420753479
42 0.7201834862385321 0.5836483385037938 0.525 0.7383596301078796
43 0.7224770642201835 0.5796620411063553 0.525 0.7270152390003204
44 0.7224770642201835 0.5800213934084691 0.475 0.7606061398983002
45 0.7270642201834863 0.5761736431799898 0.525 0.7354444801807404
46 0.7178899082568807 0.5793621266653778 0.55 0.7128281056880951
47 0.7270642201834863 0.5734336947629212 0.45 0.7544014692306519
48 0.7339449541284404 0.5715223422291082 0.575 0.7219671249389649
49 0.731651376146789 0.5722034103279814 0.625 0.6797634452581406
50 0.713302752293578 0.5773631681542878 0.5 0.7571845293045044
51 0.7454128440366973 0.5634925745495962 0.55 0.7256040930747986
52 0.7362385321100917 0.5712015035502408 0.5 0.7463900446891785
53 0.7201834862385321 0.57195959151338 0.575 0.6908848702907562
54 0.7431192660550459 0.5662373553175445 0.5 0.7579680562019349
55 0.731651376146789 0.5642561330160963 0.5 0.7490441799163818
56 0.7431192660550459 0.5649115858821694 0.475 0.7695139586925507
57 0.7477064220183486 0.5622282009059136 0.55 0.7395800530910492
58 0.7362385321100917 0.5629800232725406 0.525 0.7310087084770203
59 0.7477064220183486 0.5581840746993318 0.55 0.7287342131137848
60 0.7339449541284404 0.5632032861403369 0.45 0.7877078831195832
61 0.7408256880733946 0.5591114390333858 0.625 0.6746751844882966
62 0.7545871559633027 0.5523296463380166 0.6 0.7130317211151123
63 0.7431192660550459 0.5571161489421075 0.45 0.8001800298690795
64 0.7477064220183486 0.5559035233401377 0.575 0.7164047360420227
65 0.7454128440366973 0.5536586169255983 0.55 0.7208423465490341
66 0.731651376146789 0.5596468992736361 0.55 0.7383024156093597
67 0.7522935779816514 0.551790750081386 0.525 0.7459987580776215
68 0.7454128440366973 0.5558771149280968 0.5 0.7659793972969056
69 0.7477064220183486 0.5501015615572623 0.525 0.7441197693347931
70 0.7522935779816514 0.55441208470852 0.575 0.7229791462421418
71 0.75 0.551243617993976 0.45 0.807720398902893
72 0.7522935779816514 0.5488053243094628 0.55 0.7401515126228333
73 0.7408256880733946 0.5549263355381991 0.6 0.7086247205734253
74 0.75 0.5492922546119865 0.525 0.7488370954990387
75 0.7637614678899083 0.5435508711075564 0.5 0.768265163898468
76 0.7477064220183486 0.5484448548303832 0.6 0.7165595471858979
77 0.75 0.5510592854351078 0.475 0.7616014659404755
78 0.7522935779816514 0.5435550543693227 0.575 0.7332362234592438
79 0.7454128440366973 0.5503171529244939 0.55 0.7422558069229126
80 0.7614678899082569 0.5425077064321675 0.55 0.7384743809700012
81 0.7522935779816514 0.5449026656260184 0.5 0.7627657949924469
82 0.75 0.5433616260869787 0.55 0.7491454064846039
83 0.7591743119266054 0.5447372460584028 0.5 0.7609241306781769
84 0.7545871559633027 0.5429793935303294 0.575 0.7341228425502777
85 0.7637614678899083 0.5373388572570381 0.475 0.7757498294115066
86 0.7522935779816514 0.5452146863718645 0.575 0.7344711244106292
87 0.7522935779816514 0.5409829936443119 0.55 0.7509879529476166
88 0.7568807339449541 0.5411355618489991 0.55 0.7401354521512985
89 0.7614678899082569 0.536296255544785 0.6 0.7166027247905731
90 0.7591743119266054 0.5370213575319412 0.5 0.7590210378170014
91 0.7637614678899083 0.5359809795104036 0.55 0.7562332510948181
92 0.7614678899082569 0.5377964604338374 0.625 0.6863341808319092
93 0.7477064220183486 0.5394233672990711 0.5 0.7844349324703217
94 0.7706422018348624 0.5335272454887355 0.625 0.6980334699153901
95 0.768348623853211 0.5371262797521889 0.5 0.7732890546321869
96 0.768348623853211 0.5362527758703319 0.5 0.7897128403186798
97 0.7729357798165137 0.5322280556236932 0.55 0.7288906693458557
98 0.7660550458715596 0.5358116632207818 0.6 0.7341268837451935
99 0.7775229357798165 0.5323846293698757 0.475 0.7781398057937622
100 0.7660550458715596 0.5347369821793443 0.625 0.6807306408882141
101 0.7752293577981652 0.5326471878301113 0.5 0.7865180969238281
102 0.7752293577981652 0.5336804832887212 0.625 0.6848072111606598
103 0.7752293577981652 0.5330450589503717 0.475 0.7794616043567657
104 0.7637614678899083 0.5343064009596449 0.6 0.7437160283327102
105 0.786697247706422 0.5280648516405613 0.525 0.7359750986099243
106 0.7637614678899083 0.532721869442441 0.6 0.7431796193122864
107 0.7775229357798165 0.5301034702073544 0.55 0.7135878145694733
108 0.7798165137614679 0.529835267351308 0.525 0.7605239629745484
109 0.7729357798165137 0.5299975081868128 0.575 0.7255296647548676
110 0.786697247706422 0.5308350261745103 0.525 0.7529314756393433
111 0.7729357798165137 0.5307451377221204 0.55 0.754541403055191
112 0.7889908256880734 0.5274247685703662 0.5 0.7815284192562103
113 0.7775229357798165 0.5251053478739677 0.675 0.6795704156160355
114 0.7729357798165137 0.5349071794146791 0.5 0.7719568908214569
115 0.7889908256880734 0.5236539146222106 0.525 0.7617554634809494
116 0.7775229357798165 0.528578679769411 0.525 0.7737002670764923
117 0.7912844036697247 0.5246480550241033 0.575 0.7386579513549805
118 0.7798165137614679 0.529988075888485 0.6 0.7163789987564086
119 0.7912844036697247 0.5239262162545405 0.5 0.7901105999946594
120 0.7844036697247706 0.5263387719425586 0.55 0.7414333701133728
121 0.7821100917431193 0.5267351559542734 0.55 0.74427570104599
122 0.7798165137614679 0.5274549739076457 0.55 0.7384138107299805
123 0.786697247706422 0.5242041166222423 0.55 0.7507409811019897
124 0.7889908256880734 0.5225169502813881 0.525 0.740753173828125
125 0.786697247706422 0.5273187679981967 0.575 0.7391462624073029
126 0.7821100917431193 0.5257850185446783 0.5 0.7248404443264007
127 0.7889908256880734 0.5236488460400782 0.575 0.725737887620926
128 0.7889908256880734 0.5230322004458227 0.525 0.7588744223117828
129 0.7798165137614679 0.5264758505952467 0.475 0.7473499715328217
130 0.786697247706422 0.5234287567094925 0.5 0.7616950869560242
131 0.7981651376146789 0.519781765587833 0.5 0.7561782836914063
132 0.7889908256880734 0.5245971849205298 0.55 0.7247135221958161
133 0.7981651376146789 0.5218542467016692 0.5 0.7635259091854095
134 0.7935779816513762 0.5219630998208982 0.425 0.7908140003681183
135 0.7889908256880734 0.5240784106998269 0.575 0.7108086526393891
136 0.7935779816513762 0.5264340259066416 0.525 0.745716792345047
137 0.8004587155963303 0.517673167887084 0.475 0.7642307281494141
138 0.7935779816513762 0.5249756328556516 0.55 0.7624412894248962
139 0.7981651376146789 0.5191550410668785 0.525 0.751043301820755
140 0.7958715596330275 0.5244053290524614 0.55 0.7194700002670288
141 0.805045871559633 0.5207236417389791 0.575 0.741250503063202
142 0.7912844036697247 0.5237601495117222 0.475 0.7633650720119476
143 0.8073394495412844 0.5169997800380812 0.575 0.7146939307451248
144 0.7981651376146789 0.5213079217377059 0.525 0.750418421626091
145 0.8027522935779816 0.5202030922294757 0.5 0.7823473691940308
146 0.8096330275229358 0.5200516912368459 0.525 0.7467668682336808
147 0.805045871559633 0.520626788565872 0.525 0.7272634744644165
148 0.8096330275229358 0.5193423617870436 0.5 0.7628164827823639
149 0.8004587155963303 0.5206093159290629 0.5 0.7697617322206497
150 0.8119266055045872 0.5186929369191511 0.525 0.7182443410158157
151 0.8073394495412844 0.5180489948583306 0.475 0.7977030456066132
152 0.8027522935779816 0.5232636586788597 0.5 0.755336594581604
153 0.8142201834862385 0.5165392677171514 0.65 0.6891222983598709
154 0.8027522935779816 0.5223515796552011 0.475 0.7550803542137146
155 0.8142201834862385 0.514894708580927 0.55 0.7588403582572937
156 0.7981651376146789 0.523325371906298 0.475 0.7683683097362518
157 0.8142201834862385 0.5179872026137256 0.525 0.7425446957349777
158 0.805045871559633 0.5198357879021845 0.525 0.7678801387548446
159 0.8119266055045872 0.5157207346290623 0.6 0.6995768666267395
160 0.8142201834862385 0.5166100474125749 0.45 0.7952146112918854
161 0.8096330275229358 0.5188069053746145 0.6 0.7233200371265411
162 0.8073394495412844 0.5192062059126863 0.55 0.7504272878170013
163 0.8096330275229358 0.5170710010266085 0.475 0.7927660882472992
164 0.8096330275229358 0.517326542270293 0.6 0.7030509829521179
165 0.8096330275229358 0.5180762251582715 0.475 0.768203216791153
166 0.8096330275229358 0.5177807515367455 0.5 0.788762879371643
167 0.8142201834862385 0.5161320236297923 0.5 0.7481396794319153
168 0.8073394495412844 0.5180448192522067 0.525 0.7508946776390075
169 0.805045871559633 0.5209029117308626 0.6 0.727333265542984
170 0.8119266055045872 0.5163254158212505 0.575 0.7326007664203644
171 0.8119266055045872 0.5166656785055038 0.45 0.8005871593952179
172 0.805045871559633 0.5200719923601238 0.5 0.7386992514133454
173 0.8119266055045872 0.5141236243444846 0.55 0.7474155068397522
174 0.8096330275229358 0.5170676790246176 0.525 0.7428727805614471
175 0.8096330275229358 0.5200868415723153 0.6 0.7359093248844146
176 0.8027522935779816 0.5179622091284586 0.5 0.773020201921463
177 0.8165137614678899 0.5151471334313034 0.525 0.7645395517349243
178 0.8142201834862385 0.5133235468230116 0.55 0.7534778892993927
179 0.8096330275229358 0.5158945171658053 0.525 0.7374762833118439
180 0.805045871559633 0.5166584182223048 0.475 0.7888892292976379
181 0.8096330275229358 0.5169744994662223 0.575 0.7459170103073121
182 0.7981651376146789 0.5206156178898768 0.525 0.7503932833671569
183 0.8142201834862385 0.5133163259116882 0.6 0.7237941563129425
184 0.8073394495412844 0.5171829839365198 0.45 0.7809646904468537
185 0.8165137614678899 0.5126328468322754 0.575 0.7324961245059967
186 0.8073394495412844 0.5174265364441303 0.475 0.7810289144515992
187 0.8119266055045872 0.5163703954547917 0.5 0.7376981854438782
188 0.8142201834862385 0.5143915234355751 0.6 0.7364176094532013
189 0.8119266055045872 0.5160205785287629 0.525 0.7620867431163788
190 0.8119266055045872 0.513815991922256 0.625 0.7176501631736756
191 0.8073394495412844 0.5185452587560776 0.525 0.7424676060676575
192 0.8096330275229358 0.5169779855176944 0.525 0.7435876071453095
193 0.8073394495412844 0.5169663535892417 0.575 0.7204543471336364
194 0.8119266055045872 0.5148556864042895 0.525 0.7672798097133636
195 0.8188073394495413 0.5117289689155894 0.525 0.7535962522029876
196 0.8096330275229358 0.5172208019899666 0.5 0.7686099290847779
197 0.805045871559633 0.5140939751349458 0.55 0.7408149242401123
198 0.8119266055045872 0.5157503007201973 0.5 0.7901312947273255
199 0.8142201834862385 0.5148348223178758 0.55 0.7355605304241181
