0 0.3918918918918919 0.7047687360832283 0.35 0.6926779091358185
1 0.45045045045045046 0.701286780404615 0.4 0.6740520060062408
2 0.48423423423423423 0.6947895218660166 0.75 0.6651232421398163
3 0.5878378378378378 0.6754088144044619 0.75 0.6140955448150635
4 0.6171171171171171 0.6652660326914744 0.9 0.5989712834358215
5 0.6463963963963963 0.6527591256408004 0.9 0.588932478427887
6 0.6621621621621622 0.6485857974301588 0.9 0.5905446588993073
7 0.6756756756756757 0.645093149430043 0.9 0.5881202518939972
8 0.6644144144144144 0.6433460438573683 0.925 0.5901648521423339
9 0.668918918918919 0.6435533627733454 0.925 0.5816581070423126
10 0.668918918918919 0.640375613629281 0.9 0.595314884185791
11 0.6599099099099099 0.6391575266649058 0.85 0.6015353322029113
12 0.6779279279279279 0.6405060629586916 0.925 0.5872267425060272
13 0.6666666666666666 0.6396338902078234 0.725 0.5819230020046234
14 0.6779279279279279 0.6354898257298512 0.95 0.5869836509227753
15 0.6779279279279279 0.6358244451316627 0.9 0.6052679181098938
16 0.6734234234234234 0.6338499446172972 0.975 0.5652683079242706
17 0.6914414414414415 0.6323240641001109 0.975 0.5783985316753387
18 0.6824324324324325 0.6309017592722231 0.9 0.6003794014453888
19 0.6801801801801802 0.6302755453565099 1.0 0.5663874506950378
20 0.6801801801801802 0.6283834351075662 0.95 0.5733654171228408
21 0.6801801801801802 0.6303449506695206 0.925 0.586365383863449
22 0.7027027027027027 0.6283061010343535 0.975 0.562802517414093
23 0.6711711711711712 0.6275720126457043 0.875 0.5764608472585678
24 0.6959459459459459 0.6288629958221504 0.9 0.5989417493343353
25 0.6734234234234234 0.6266744453627784 1.0 0.5540097296237946
26 0.6801801801801802 0.6242393035072464 0.95 0.571882101893425
27 0.6756756756756757 0.6257346683257335 0.95 0.577634859085083
28 0.7004504504504504 0.6216725320429415 0.95 0.5705428898334504
29 0.6824324324324325 0.6239970259301297 0.95 0.5664103209972382
30 0.6936936936936937 0.6251724955734906 0.95 0.5745518565177917
31 0.6891891891891891 0.6220661501089731 0.95 0.5610851258039474
32 0.668918918918919 0.6205392308063336 0.8 0.576775598526001
33 0.6914414414414415 0.6210042976581298 0.95 0.568289789557457
34 0.6914414414414415 0.6202300386922853 0.9 0.5784376621246338
35 0.6891891891891891 0.6186336630636508 0.975 0.5624612718820572
36 0.6734234234234234 0.6187979914583601 0.925 0.5778971165418625
37 0.6756756756756757 0.6200182757399104 0.95 0.5557509064674377
38 0.6981981981981982 0.6189143493905798 0.95 0.5683400511741639
39 0.6936936936936937 0.6170674629576571 0.95 0.5708213090896607
40 0.6936936936936937 0.6160941209879007 0.9 0.5649356096982956
41 0.6914414414414415 0.6159477292954385 0.9 0.5808615833520889
42 0.6801801801801802 0.6166937421034048 0.925 0.570708054304123
43 0.7004504504504504 0.6132870934031032 0.925 0.5648193299770355
44 0.6801801801801802 0.6185659607788464 0.875 0.5775497317314148
45 0.6936936936936937 0.6129750394606376 0.925 0.5617804050445556
46 0.6959459459459459 0.6147458531835057 0.925 0.5606658756732941
47 0.6981981981981982 0.6120115846127003 0.9 0.5717432737350464
48 0.668918918918919 0.6167717017568983 0.9 0.5585115432739258
49 0.7094594594594594 0.6092427278961148 0.95 0.5656498551368714
50 0.6959459459459459 0.6103895583131291 0.875 0.5797281831502914
51 0.6936936936936937 0.6138917768860722 0.975 0.5616507053375244
52 0.6959459459459459 0.6110898358327849 0.925 0.5727866291999817
53 0.6981981981981982 0.6122429255429689 0.975 0.5626216173171997
54 0.6981981981981982 0.6120030399378356 0.95 0.5672717422246933
55 0.7004504504504504 0.6097475215121433 0.875 0.5798221349716186
56 0.7027027027027027 0.6094659983037828 0.9 0.5725324302911758
57 0.7027027027027027 0.6082181597615147 0.95 0.5564586400985718
58 0.7072072072072072 0.6074966213724635 0.875 0.5795505732297898
59 0.7004504504504504 0.6091050494898547 0.875 0.5780961096286774
60 0.7162162162162162 0.6050806697961446 0.95 0.5534750878810882
61 0.6981981981981982 0.608748091770722 0.9 0.5750873148441314
62 0.7004504504504504 0.608069722179894 0.95 0.5585671573877334
63 0.7184684684684685 0.6040005949703423 0.875 0.5765550315380097
64 0.6869369369369369 0.6084416634864636 0.875 0.5652403175830841
65 0.704954954954955 0.6046408538345818 0.925 0.580308523774147
66 0.7162162162162162 0.6031303668881322 0.925 0.5672851085662842
67 0.7027027027027027 0.6084614586722743 0.875 0.5734687805175781
68 0.7027027027027027 0.6052620698202837 0.9 0.5651330649852753
69 0.7027027027027027 0.6035908441822808 0.925 0.5686034619808197
70 0.7207207207207207 0.601761495207881 0.85 0.5898000568151474
71 0.7072072072072072 0.6015174700333191 0.9 0.5632129728794097
72 0.704954954954955 0.6070610915755367 0.9 0.5648993670940399
73 0.7207207207207207 0.5999876894392409 0.9 0.5736248552799225
74 0.7207207207207207 0.6032782422529684 0.9 0.5810213685035706
75 0.713963963963964 0.6012765958502486 0.925 0.5613008856773376
76 0.7162162162162162 0.6024790970054833 0.875 0.5649795293807983
77 0.7207207207207207 0.6001567419047829 0.825 0.6016575157642364
78 0.704954954954955 0.6032744756153038 0.95 0.5460905134677887
79 0.722972972972973 0.5991462879889721 0.9 0.5838236570358276
80 0.7072072072072072 0.6022209125059145 0.9 0.5737650156021118
81 0.7094594594594594 0.5996555994759809 0.875 0.5814348220825195
82 0.722972972972973 0.5984964346563494 0.9 0.5725232869386673
83 0.6959459459459459 0.6030655857679006 0.95 0.5458669275045395
84 0.7117117117117117 0.5995443549242105 0.85 0.5946698158979415
85 0.7072072072072072 0.5985420547627114 0.95 0.5535157650709153
86 0.7297297297297297 0.5969379606010677 0.9 0.5939241528511048
87 0.7252252252252253 0.5985320409138998 0.875 0.5678576022386551
88 0.7094594594594594 0.5997355655506924 0.875 0.5774898737668991
89 0.7004504504504504 0.5974878617772111 0.875 0.5796484887599945
90 0.722972972972973 0.5955624924049722 0.875 0.5614343285560608
91 0.722972972972973 0.5961729191445015 0.85 0.5922801434993744
92 0.7162162162162162 0.5980196060898068 0.9 0.5736022353172302
93 0.7072072072072072 0.5984724411019334 0.9 0.5711290627717972
94 0.7162162162162162 0.5975281002822223 0.9 0.5773743748664856
95 0.7117117117117117 0.5949221814537907 0.9 0.5766639828681945
96 0.7184684684684685 0.5979598607565906 0.875 0.5931539297103882
97 0.7072072072072072 0.5987927653231062 0.9 0.5728136003017426
98 0.722972972972973 0.594009790603105 0.9 0.5653147310018539
99 0.7117117117117117 0.5940573502768267 0.85 0.5841159224510193
100 0.7184684684684685 0.5977996818654172 0.9 0.5749666154384613
101 0.7207207207207207 0.5939578274348835 0.85 0.577872234582901
102 0.713963963963964 0.5945666542461326 0.875 0.5843754708766937
103 0.7207207207207207 0.5948989071824529 0.875 0.5774801939725875
104 0.7072072072072072 0.5968592964314126 0.875 0.5774062186479568
105 0.7072072072072072 0.5975790834641671 0.9 0.576789665222168
106 0.7252252252252253 0.5922829954473822 0.875 0.5794199764728546
107 0.7184684684684685 0.5947459536092775 0.9 0.5659570813179016
108 0.7207207207207207 0.5916603959358491 0.825 0.5949193298816681
109 0.713963963963964 0.5972521970937917 0.875 0.5817238390445709
110 0.7117117117117117 0.5933778412170239 0.85 0.5822637051343917
111 0.7117117117117117 0.5956906858865205 0.85 0.5960677981376648
112 0.7184684684684685 0.5911310989040512 0.9 0.5609605014324188
113 0.7094594594594594 0.5945591064723762 0.875 0.5761193305253982
114 0.7252252252252253 0.5920733138247654 0.825 0.6126646935939789
115 0.713963963963964 0.5951862074770369 0.925 0.5641159951686859
116 0.704954954954955 0.5938221559868203 0.875 0.5672873198986054
117 0.7207207207207207 0.5934708389613006 0.85 0.5880878746509552
118 0.7274774774774775 0.5911977513953373 0.85 0.5966765522956848
119 0.7207207207207207 0.5926646166019611 0.925 0.5553041338920593
120 0.7094594594594594 0.5949555023296459 0.875 0.5761189818382263
121 0.7207207207207207 0.5914503105051883 0.825 0.6053433865308762
122 0.713963963963964 0.5920299495662655 0.925 0.5644331961870194
123 0.7252252252252253 0.5916738306079898 0.85 0.5749251782894135
124 0.7207207207207207 0.5942486956849828 0.875 0.5858700633049011
125 0.7117117117117117 0.5928652847672368 0.85 0.589456307888031
126 0.7117117117117117 0.5930662662596315 0.875 0.5908306330442429
127 0.7274774774774775 0.5893935434990101 0.875 0.5807799816131591
128 0.7184684684684685 0.5929022979091954 0.9 0.5667030066251755
129 0.713963963963964 0.5953970191715 0.85 0.5754000633955002
130 0.7274774774774775 0.5894998588540532 0.85 0.593204852938652
131 0.7184684684684685 0.5911950973777084 0.825 0.5958888411521912
132 0.7117117117117117 0.5933061314595712 0.95 0.5468934059143067
133 0.722972972972973 0.591207823774836 0.85 0.5950600922107696
134 0.7207207207207207 0.5896388380914122 0.825 0.5813426434993744
135 0.7117117117117117 0.5921618092704464 0.825 0.5987604916095733
136 0.7207207207207207 0.593414650038556 0.85 0.5656296789646149
137 0.7252252252252253 0.5892578210379626 0.85 0.5765309751033783
138 0.7184684684684685 0.5907713102327811 0.825 0.5953547447919846
139 0.7207207207207207 0.5909791140405981 0.85 0.575727927684784
140 0.7072072072072072 0.5905847812558079 0.8 0.5750859171152115
141 0.7252252252252253 0.5908553737240869 0.825 0.6109735012054444
142 0.7072072072072072 0.5942937315584303 0.875 0.5711554825305939
143 0.722972972972973 0.5878137382301124 0.85 0.5881864219903946
144 0.7252252252252253 0.59254825491089 0.875 0.5809677034616471
145 0.7184684684684685 0.5884551690505432 0.775 0.5887385666370392
146 0.7184684684684685 0.5927350808371294 0.875 0.5590060472488403
147 0.7162162162162162 0.5891833010020556 0.825 0.5975072145462036
148 0.7162162162162162 0.5912002703628024 0.825 0.5849930584430695
149 0.7274774774774775 0.5880137056380779 0.85 0.5725673079490662
