0 0.5 0.6932453615171416 0.425 0.6945780217647552
1 0.5022522522522522 0.6930213167860702 0.525 0.69302339553833
2 0.5180180180180181 0.692599648827905 0.45 0.696093088388443
3 0.5247747747747747 0.6923723961855914 0.325 0.6940488696098328
4 0.5382882882882883 0.6904095443519386 0.35 0.69644815325737
5 0.5563063063063063 0.6872612984330805 0.3 0.7035488605499267
6 0.5788288288288288 0.682296084928083 0.525 0.6930823504924775
7 0.5698198198198198 0.6783869459822371 0.35 0.711698192358017
8 0.6171171171171171 0.6744913469563734 0.375 0.7271376550197601
9 0.6171171171171171 0.6618056689296756 0.35 0.7323385298252105
10 0.6081081081081081 0.6552880411749488 0.475 0.7148755311965942
11 0.6463963963963963 0.6425214176242416 0.275 0.7883983194828034
12 0.6351351351351351 0.6422928469675081 0.375 0.7761573791503906
13 0.6036036036036037 0.6559964066690153 0.3 0.8043480515480042
14 0.6554054054054054 0.6335204979320904 0.45 0.7488521695137024
15 0.6554054054054054 0.6289881773897119 0.45 0.7508168637752533
16 0.6396396396396397 0.631343844774607 0.475 0.7468664586544037
17 0.6756756756756757 0.6247660807661108 0.3 0.8351751923561096
18 0.6711711711711712 0.6211687049887202 0.425 0.7817421197891236
19 0.6644144144144144 0.6182278652448912 0.425 0.7941345393657684
20 0.6824324324324325 0.6142646885133004 0.4 0.7851993203163147
21 0.6621621621621622 0.6183737161997203 0.4 0.8060916125774383
22 0.6666666666666666 0.612649136566901 0.425 0.7944648385047912
23 0.6891891891891891 0.6111245737956451 0.325 0.8382099002599717
24 0.6959459459459459 0.607986228691565 0.45 0.7982237756252288
25 0.6891891891891891 0.6100318480182338 0.45 0.7846998751163483
26 0.6869369369369369 0.6047319235565426 0.4 0.8310843586921692
27 0.6914414414414415 0.6023363355580751 0.375 0.8255279123783111
28 0.7027027027027027 0.5994893285605285 0.4 0.8099332630634308
29 0.7072072072072072 0.5994001259137919 0.425 0.805182933807373
30 0.7072072072072072 0.5964451319462544 0.425 0.7926360666751862
31 0.6846846846846847 0.6051531839478124 0.375 0.8282631576061249
32 0.6869369369369369 0.5954195279795844 0.275 0.8601647913455963
33 0.7162162162162162 0.5884169082383852 0.45 0.7994632065296173
34 0.7184684684684685 0.5857594034693263 0.4 0.8009414196014404
35 0.7252252252252253 0.5878491417781727 0.35 0.8752265751361847
36 0.7072072072072072 0.5883087134576058 0.425 0.8258265256881714
37 0.7252252252252253 0.5835789541403452 0.4 0.8172536313533783
38 0.7274774774774775 0.5828383140735798 0.35 0.8530989468097687
39 0.722972972972973 0.5859395877735035 0.375 0.8397365152835846
40 0.7319819819819819 0.578735278801875 0.325 0.8727314054965973
41 0.7274774774774775 0.5774856776267558 0.475 0.7774198442697525
42 0.722972972972973 0.5796235931349231 0.375 0.8264757871627808
43 0.7342342342342343 0.5765283437999519 0.425 0.8161261022090912
44 0.7027027027027027 0.5824713564670838 0.35 0.8458721756935119
45 0.7364864864864865 0.5734337648829898 0.275 0.8677248358726501
46 0.7004504504504504 0.5803654784554834 0.55 0.7244950622320175
47 0.7297297297297297 0.568373804425334 0.325 0.86430144906044
48 0.713963963963964 0.5762384652017473 0.375 0.8196730554103852
49 0.7477477477477478 0.5630350104860358 0.45 0.7879648685455323
50 0.7342342342342343 0.5684708257516226 0.375 0.8587055623531341
51 0.7477477477477478 0.568838855167767 0.325 0.8806119799613953
52 0.7567567567567568 0.5626154829252947 0.45 0.804648494720459
53 0.7364864864864865 0.565851991509532 0.45 0.8074341654777527
54 0.7477477477477478 0.5637508107198251 0.4 0.8558885097503662
55 0.7319819819819819 0.5647135760870066 0.4 0.8527940690517426
56 0.7432432432432432 0.560099377556964 0.375 0.8242023289203644
57 0.7545045045045045 0.5610447606524905 0.375 0.885880321264267
58 0.7477477477477478 0.5614336766638197 0.4 0.8453911185264588
59 0.75 0.5562606190775966 0.35 0.889368611574173
60 0.7567567567567568 0.5549229165992221 0.45 0.8117801070213317
61 0.7545045045045045 0.5543873924929816 0.4 0.8143626630306244
62 0.740990990990991 0.5619769007773012 0.475 0.7631970643997192
63 0.7635135135135135 0.5477112727659242 0.4 0.8350636661052704
64 0.7454954954954955 0.5547083143715386 0.4 0.8430446445941925
65 0.7432432432432432 0.5588757309827719 0.4 0.8581237018108367
66 0.7612612612612613 0.5506763839506889 0.375 0.8550172090530396
67 0.7545045045045045 0.5516840563164102 0.475 0.7980389714241027
68 0.7522522522522522 0.5504990061661145 0.3 0.914559930562973
69 0.7680180180180181 0.5465258126323288 0.425 0.8570390820503235
70 0.7522522522522522 0.5492016995275343 0.425 0.8058641135692597
71 0.7725225225225225 0.5434737304846445 0.375 0.8533153831958771
72 0.7522522522522522 0.55407579525097 0.4 0.8386216104030609
73 0.7837837837837838 0.54068430640676 0.45 0.7889577448368073
74 0.7680180180180181 0.5441486964354644 0.375 0.8806642293930054
75 0.7635135135135135 0.5425389003646266 0.4 0.8532551109790802
76 0.7635135135135135 0.5466616424891326 0.4 0.8309057235717774
77 0.7680180180180181 0.540939445431168 0.4 0.8388712078332901
78 0.7657657657657657 0.5438994510216756 0.425 0.8537191927433014
79 0.7702702702702703 0.5380304726931426 0.4 0.8499151945114136
80 0.7635135135135135 0.5415623091362618 0.35 0.8903679311275482
81 0.7747747747747747 0.5376559914769353 0.375 0.8803830444812775
82 0.7747747747747747 0.5415147620815415 0.45 0.8144785642623902
83 0.777027027027027 0.5393274869467761 0.4 0.8708231091499329
84 0.7635135135135135 0.5412678149369385 0.425 0.8201299130916595
85 0.777027027027027 0.5391994454302229 0.375 0.859091055393219
86 0.7657657657657657 0.5373728839126793 0.375 0.8957122981548309
87 0.7747747747747747 0.5354465436828029 0.4 0.8088220000267029
88 0.7702702702702703 0.5397428338592117 0.425 0.8174769937992096
89 0.7747747747747747 0.5349090770558194 0.425 0.8408387899398804
90 0.7747747747747747 0.53795908029015 0.425 0.7960291564464569
91 0.7747747747747747 0.5354918072352538 0.325 0.8912354469299316
92 0.7725225225225225 0.5342387460373543 0.4 0.8576726078987121
93 0.777027027027027 0.5371040680386998 0.45 0.7970294117927551
94 0.777027027027027 0.5361608967587754 0.375 0.8790697395801544
95 0.7905405405405406 0.5302473376463125 0.375 0.8721932411193848
96 0.7680180180180181 0.5347913747972196 0.45 0.8069010674953461
97 0.7815315315315315 0.5313711373118667 0.325 0.9202187418937683
98 0.7837837837837838 0.5310442882615167 0.425 0.8433546185493469
99 0.7882882882882883 0.5313231947722735 0.45 0.8120700001716614
100 0.7792792792792793 0.5337894795177219 0.35 0.8763017237186432
101 0.786036036036036 0.5287492900818318 0.45 0.8310093939304352
102 0.795045045045045 0.5296965163570266 0.425 0.8265248656272888
103 0.7927927927927928 0.5300307212112186 0.35 0.8693834722042084
104 0.7792792792792793 0.5327069319046296 0.45 0.8189037352800369
105 0.7792792792792793 0.529897453548672 0.3 0.9381106793880463
106 0.7882882882882883 0.5304089006002959 0.45 0.8107013046741486
107 0.7792792792792793 0.5280161363047522 0.4 0.8680749773979187
108 0.7837837837837838 0.5297846614240526 0.4 0.8543262779712677
109 0.786036036036036 0.5270822311306859 0.375 0.8475662052631379
110 0.7905405405405406 0.5242235077931 0.425 0.84460489153862
111 0.7927927927927928 0.5289407987315375 0.4 0.8180285155773163
112 0.795045045045045 0.5271021613666603 0.375 0.8917538225650787
113 0.786036036036036 0.5298896104365856 0.425 0.8417405486106873
114 0.7995495495495496 0.5205659176315274 0.425 0.8338625490665436
115 0.7905405405405406 0.5274177674237672 0.375 0.8682335555553437
116 0.7815315315315315 0.5307457876635028 0.425 0.8192696154117585
117 0.7972972972972973 0.5257492363452911 0.35 0.8948200225830079
118 0.7927927927927928 0.525432336706299 0.4 0.8365175008773804
119 0.7927927927927928 0.5231661200523376 0.4 0.8461685121059418
120 0.7882882882882883 0.5278479674377957 0.425 0.8233593434095383
121 0.7972972972972973 0.5247369244828954 0.45 0.8148892879486084
122 0.7995495495495496 0.5238438052637083 0.35 0.886728972196579
123 0.7905405405405406 0.5261979352783512 0.425 0.8198976576328277
124 0.7905405405405406 0.5235233618332459 0.375 0.8661563992500305
125 0.786036036036036 0.5262630114684234 0.4 0.8548330962657928
126 0.7905405405405406 0.5235561935214309 0.45 0.8272706985473632
127 0.7972972972972973 0.519563052031371 0.35 0.8743886411190033
128 0.7927927927927928 0.5235378224033493 0.375 0.8731055855751038
129 0.8085585585585585 0.5189406128080042 0.4 0.8655392944812774
130 0.7972972972972973 0.5197104967392243 0.375 0.8540244400501251
131 0.7927927927927928 0.5242112826656651 0.45 0.8227202475070954
132 0.795045045045045 0.5205773182280429 0.425 0.8217953085899353
133 0.7995495495495496 0.5212494886673249 0.375 0.8901067256927491
134 0.7882882882882883 0.5239516303345964 0.45 0.8024880170822144
135 0.7972972972972973 0.5200170391314739 0.325 0.9129835307598114
136 0.7882882882882883 0.5234820576938423 0.45 0.8082328736782074
137 0.7972972972972973 0.5177976038004901 0.375 0.87536501288414
138 0.7882882882882883 0.5235664248466492 0.375 0.8777162492275238
139 0.7995495495495496 0.5202146779309522 0.4 0.8467897474765778
140 0.7882882882882883 0.5239362300516249 0.425 0.838792759180069
141 0.7972972972972973 0.5176775831360001 0.4 0.8621967315673829
142 0.7927927927927928 0.5215563067981789 0.4 0.8440846979618073
143 0.8040540540540541 0.5127421770546887 0.425 0.839223998785019
144 0.7972972972972973 0.518741144253327 0.35 0.890254670381546
145 0.7972972972972973 0.5214362882816039 0.425 0.837684589624405
146 0.795045045045045 0.5190733563792598 0.4 0.8404214143753052
147 0.7972972972972973 0.5185745696763735 0.375 0.893862909078598
148 0.7972972972972973 0.5194263793863692 0.45 0.7972198009490967
149 0.7927927927927928 0.518921839492815 0.325 0.9187889456748962
150 0.7995495495495496 0.5193675251694413 0.45 0.8292311191558838
151 0.7972972972972973 0.5183212872561034 0.4 0.846001821756363
152 0.7972972972972973 0.5176291350308839 0.425 0.8392145514488221
153 0.795045045045045 0.5197875652764294 0.325 0.9143135786056519
154 0.8040540540540541 0.5162213476928504 0.425 0.8280791133642197
155 0.795045045045045 0.5186279727531983 0.4 0.8535553395748139
156 0.7972972972972973 0.5182138458565548 0.45 0.8283504843711853
157 0.8085585585585585 0.5111467019394711 0.375 0.8629334211349488
158 0.8018018018018018 0.5163874588571153 0.4 0.852224588394165
159 0.795045045045045 0.5216988859412907 0.375 0.8621264278888703
160 0.795045045045045 0.5156714569877934 0.425 0.845432510972023
161 0.7972972972972973 0.5168978969256083 0.4 0.8402528703212738
162 0.8040540540540541 0.5167967408627003 0.425 0.8308858633041382
163 0.7995495495495496 0.5172236502707541 0.4 0.8631537824869155
164 0.8018018018018018 0.5152741219546344 0.4 0.8443472921848297
165 0.7905405405405406 0.51885430501388 0.35 0.8972928822040558
166 0.8018018018018018 0.5158979825608365 0.45 0.8197759330272675
167 0.7972972972972973 0.51767349270013 0.4 0.8604331016540527
168 0.8040540540540541 0.5142568717668722 0.4 0.8490950226783752
169 0.8018018018018018 0.5150154061145611 0.4 0.8480900824069977
170 0.7995495495495496 0.5148706143503791 0.4 0.8565384387969971
171 0.8040540540540541 0.5139465826051729 0.375 0.8654414236545562
172 0.8063063063063063 0.5146748627628293 0.35 0.8966582357883454
173 0.7995495495495496 0.5165811146164799 0.45 0.8079905807971954
174 0.7995495495495496 0.5165270859593744 0.375 0.8899427890777588
175 0.8018018018018018 0.5142468917477239 0.45 0.8111936211585998
176 0.7995495495495496 0.5175560127507459 0.35 0.8966666698455811
177 0.8108108108108109 0.5119910540881457 0.425 0.8372165143489838
178 0.8085585585585585 0.514944310123856 0.375 0.8487337768077851
179 0.8018018018018018 0.5173167516519358 0.4 0.8790825486183167
180 0.8108108108108109 0.5107042945183076 0.475 0.7881806135177613
181 0.7995495495495496 0.5154438252384598 0.375 0.8755743503570557
182 0.8018018018018018 0.5167696792800147 0.375 0.8819012641906738
183 0.8018018018018018 0.5152112916783169 0.4 0.8502843856811524
184 0.8108108108108109 0.5119007841960804 0.425 0.8433870673179626
185 0.8040540540540541 0.51818241138716 0.425 0.8246719717979432
186 0.8018018018018018 0.51454509163762 0.375 0.8816045165061951
187 0.8085585585585585 0.5138092328299273 0.4 0.8488372743129731
188 0.8063063063063063 0.5138795765133591 0.4 0.8535834431648255
189 0.7972972972972973 0.5167475031302856 0.4 0.8658674836158753
190 0.8040540540540541 0.5139099727342794 0.325 0.8863725304603577
191 0.8018018018018018 0.5131271921836578 0.425 0.859900689125061
192 0.8018018018018018 0.5159493504880784 0.45 0.8119089901447296
193 0.8018018018018018 0.5137880734495215 0.35 0.8931328594684601
194 0.8085585585585585 0.5125398992955148 0.475 0.7740729242563248
195 0.8040540540540541 0.5146656715655112 0.35 0.9010968714952469
196 0.8018018018018018 0.5170363236118007 0.45 0.8187184393405914
197 0.8040540540540541 0.5118356626313012 0.4 0.8477691769599914
198 0.8108108108108109 0.51107443614049 0.325 0.9236806929111481
199 0.8063063063063063 0.5110970979875272 0.4 0.8566109895706177
