0 0.5 0.6915432032164153 0.4 0.7110916078090668
1 0.5427927927927928 0.6863421803122168 0.75 0.6861208617687226
2 0.6283783783783784 0.6687802420006143 0.525 0.6736288666725159
3 0.6936936936936937 0.6647686544839326 0.5 0.682040399312973
4 0.704954954954955 0.661907857602781 0.625 0.6497460246086121
5 0.6801801801801802 0.6587153646323058 0.475 0.6762105464935303
6 0.6914414414414415 0.6580658667796367 0.525 0.6647259175777436
7 0.6824324324324325 0.6553689977070233 0.525 0.662974727153778
8 0.6801801801801802 0.6523849378834974 0.525 0.6698472678661347
9 0.6801801801801802 0.6496706578108642 0.55 0.6577276110649108
10 0.6644144144144144 0.6475013639475848 0.55 0.6470654428005218
11 0.6779279279279279 0.6457583794185707 0.8 0.6341902852058411
12 0.6599099099099099 0.6439074975950224 0.75 0.6584894895553589
13 0.6554054054054054 0.6417810761176788 0.825 0.6394160151481628
14 0.6936936936936937 0.6395974599563323 0.7 0.6480284988880157
15 0.6644144144144144 0.6369994927097011 0.75 0.6445053458213806
16 0.6644144144144144 0.6341185824828105 0.775 0.6343769490718841
17 0.6509009009009009 0.634186179788263 0.8 0.6354879260063171
18 0.6869369369369369 0.6308244697682492 0.75 0.6412579834461212
19 0.6801801801801802 0.6304653158058992 0.825 0.6340841323137283
20 0.6531531531531531 0.627060998130489 0.825 0.6127859115600586
21 0.668918918918919 0.6288267647897875 0.8 0.6534253120422363
22 0.6779279279279279 0.6257163935953433 0.925 0.5967642307281494
23 0.6644144144144144 0.6274091499345796 0.85 0.6169508635997772
24 0.704954954954955 0.6255936015833605 0.8 0.6401485919952392
25 0.6846846846846847 0.6225621055912327 0.775 0.6288387537002563
26 0.6824324324324325 0.6194914235725059 0.9 0.5929433703422546
27 0.6801801801801802 0.6183302904571499 0.825 0.6240760028362274
28 0.6846846846846847 0.6183754804435077 0.825 0.6339858949184418
29 0.6914414414414415 0.6174783486503739 0.875 0.5897693634033203
30 0.6891891891891891 0.6162628617372599 0.875 0.6020990788936615
31 0.7252252252252253 0.6163212987216743 0.825 0.61293665766716
32 0.7094594594594594 0.6123600277277801 0.85 0.6017172813415528
33 0.6959459459459459 0.6112992100350492 0.875 0.5994938611984253
34 0.7184684684684685 0.610740029865557 0.8 0.6215526580810546
35 0.7252252252252253 0.6080552543605771 0.9 0.5721737533807755
36 0.713963963963964 0.6069003386540456 0.825 0.6125045537948608
37 0.7162162162162162 0.6086298106489955 0.875 0.5915431290864944
38 0.704954954954955 0.6056658969269143 0.825 0.6136781632900238
39 0.7319819819819819 0.603661958161775 0.875 0.5828747153282166
40 0.7162162162162162 0.6023566153672364 0.825 0.6148305833339691
41 0.7094594594594594 0.6032884918354653 0.85 0.5989903539419175
42 0.7184684684684685 0.6017687946289509 0.8 0.6189242601394653
43 0.7297297297297297 0.5969441049807781 0.9 0.5784750401973724
44 0.704954954954955 0.6029689709345499 0.825 0.5980634689331055
45 0.7364864864864865 0.5962624635782328 0.9 0.5765886813402176
46 0.7162162162162162 0.5985184762928937 0.825 0.5931337773799896
47 0.7342342342342343 0.5929084122180939 0.8 0.6169275224208832
48 0.7162162162162162 0.6001406314673724 0.9 0.5575412392616272
49 0.7342342342342343 0.5917992578433441 0.85 0.5748739898204803
50 0.7364864864864865 0.5923175132489419 0.825 0.596128198504448
51 0.7207207207207207 0.5953878781816981 0.875 0.5597686499357224
52 0.7342342342342343 0.5904484538881628 0.8 0.6231749176979064
53 0.7207207207207207 0.5945514478125014 0.875 0.5724481165409088
54 0.7364864864864865 0.593390400345261 0.875 0.5796988487243653
55 0.7432432432432432 0.5890026495263383 0.825 0.5915156215429306
56 0.7162162162162162 0.5918484367765822 0.8 0.6162188410758972
57 0.7364864864864865 0.5891772484457171 0.925 0.5552636682987213
58 0.7297297297297297 0.5858480524909389 0.825 0.590525895357132
59 0.713963963963964 0.5908039859286299 0.825 0.6007461249828339
60 0.7274774774774775 0.5852502783139547 0.9 0.5633748531341553
61 0.722972972972973 0.5878159763576748 0.825 0.6032669186592102
62 0.7207207207207207 0.5890248291664295 0.825 0.5940172225236893
63 0.740990990990991 0.584012094918672 0.875 0.5640932440757751
64 0.7184684684684685 0.5895732842587136 0.875 0.5753140985965729
65 0.722972972972973 0.5843234062194824 0.8 0.6047269731760025
66 0.7342342342342343 0.5826808136325698 0.875 0.5763687342405319
67 0.7162162162162162 0.5897996473956753 0.85 0.5896830290555954
68 0.7297297297297297 0.5834313072599806 0.85 0.5687614768743515
69 0.7297297297297297 0.584222900974858 0.85 0.59355828166008
70 0.7342342342342343 0.584119740638647 0.85 0.5661967009305954
71 0.7387387387387387 0.5797450778720615 0.85 0.5801919758319855
72 0.7297297297297297 0.5888695155715084 0.875 0.5780605852603913
73 0.7207207207207207 0.5798067560604027 0.8 0.611425718665123
74 0.7297297297297297 0.5824179536587483 0.8 0.6251159161329269
75 0.7207207207207207 0.5839903641928423 0.9 0.5467455685138702
76 0.7252252252252253 0.582230392877046 0.85 0.5726660013198852
77 0.7319819819819819 0.5820596172465934 0.825 0.6001415520906448
78 0.7274774774774775 0.5812496677175298 0.925 0.529746675491333
79 0.7364864864864865 0.5786651230610169 0.8 0.6094868749380111
80 0.7297297297297297 0.5815397036505175 0.85 0.5725756049156189
81 0.722972972972973 0.5829230157641677 0.825 0.5996561050415039
82 0.740990990990991 0.5772469062525947 0.875 0.5702838599681854
83 0.713963963963964 0.5833507156049883 0.85 0.5897816449403763
84 0.7274774774774775 0.5822711315777924 0.85 0.5846948355436326
85 0.7274774774774775 0.5784336111030063 0.875 0.5595197260379792
86 0.7364864864864865 0.5796160630814664 0.875 0.5625977635383606
87 0.7252252252252253 0.5796580481099652 0.825 0.5883561998605729
88 0.7364864864864865 0.5803007789560266 0.875 0.5566381573677063
89 0.7387387387387387 0.5775042672952017 0.825 0.5949469536542893
90 0.7297297297297297 0.581185550571562 0.825 0.5987124681472779
91 0.7274774774774775 0.5780321015967979 0.85 0.5645616829395295
92 0.722972972972973 0.5801951426106531 0.9 0.5319193005561829
93 0.740990990990991 0.5799805175613713 0.8 0.6245420038700104
94 0.7184684684684685 0.5805371519144591 0.9 0.5330217450857162
95 0.7364864864864865 0.5757444031066723 0.85 0.5701563328504562
96 0.7364864864864865 0.5799421872104611 0.825 0.608920368552208
97 0.7184684684684685 0.578837579166567 0.85 0.5659770399332047
98 0.7252252252252253 0.5790529855199762 0.85 0.584720903635025
99 0.740990990990991 0.5756210649872685 0.875 0.5576460808515549
100 0.7364864864864865 0.5797258242293521 0.8 0.6161942511796952
101 0.7364864864864865 0.5751266168044494 0.875 0.5599789291620254
102 0.7274774774774775 0.5775268179876311 0.85 0.5692267894744873
103 0.7252252252252253 0.5770999029413 0.875 0.557786563038826
104 0.7342342342342343 0.5782508868891914 0.825 0.5984052956104279
105 0.7207207207207207 0.5800903710696075 0.85 0.568275636434555
106 0.722972972972973 0.5773438341445751 0.875 0.5537374258041382
107 0.7297297297297297 0.5759157041708628 0.825 0.6036771982908249
108 0.7387387387387387 0.5772513384754593 0.85 0.5679181486368179
109 0.7252252252252253 0.5763538611364795 0.875 0.5513834416866302
110 0.7319819819819819 0.5776268045107523 0.85 0.5764671862125397
111 0.7207207207207207 0.5794484814008077 0.775 0.6230672091245651
112 0.7454954954954955 0.5718432409806294 0.925 0.5188157171010971
113 0.713963963963964 0.5783331219677452 0.8 0.6164562076330184
114 0.7342342342342343 0.5737477251001306 0.825 0.5797331809997559
115 0.7297297297297297 0.5773014235603917 0.9 0.5468443214893342
116 0.7207207207207207 0.5775268810826379 0.825 0.5942677736282349
117 0.7297297297297297 0.5759812338395162 0.9 0.5388869851827621
118 0.7387387387387387 0.5722448390883368 0.8 0.6135915338993072
119 0.7319819819819819 0.5762158106039236 0.875 0.5544738322496414
120 0.7184684684684685 0.5791974048893731 0.85 0.5744890570640564
121 0.7274774774774775 0.5759838857092299 0.875 0.5526400953531265
122 0.7342342342342343 0.5727665805601859 0.85 0.5698337554931641
123 0.7207207207207207 0.5757697200452959 0.8 0.6148388653993606
124 0.7252252252252253 0.5764782146827595 0.875 0.550070196390152
125 0.7319819819819819 0.5748049681251114 0.85 0.5619379788637161
126 0.7454954954954955 0.5743773517844913 0.85 0.5774181723594666
127 0.7252252252252253 0.5754839689344973 0.8 0.5978231370449066
128 0.7342342342342343 0.5744394187454704 0.9 0.5329228043556213
129 0.7319819819819819 0.5754587368385212 0.875 0.5639425784349441
130 0.7319819819819819 0.5729504396786561 0.8 0.6041618138551712
131 0.7274774774774775 0.5756795368753038 0.85 0.5661736190319061
132 0.7274774774774775 0.5786540406244295 0.875 0.5610054790973663
133 0.7387387387387387 0.5702113901172672 0.85 0.5699799835681916
134 0.7364864864864865 0.5719953531080538 0.85 0.5742421686649323
135 0.7252252252252253 0.5765381525228689 0.825 0.5840877383947373
136 0.7274774774774775 0.5764169502365697 0.875 0.5603041589260102
137 0.7297297297297297 0.5724709111827988 0.85 0.5711331874132156
138 0.7252252252252253 0.574035398594968 0.85 0.5667554438114166
139 0.7274774774774775 0.5766702001696234 0.85 0.5678018599748611
140 0.7342342342342343 0.5733477819610286 0.825 0.599146157503128
141 0.7274774774774775 0.5727640836088507 0.875 0.5522532314062119
142 0.7342342342342343 0.5747841403291032 0.875 0.5486696094274521
143 0.722972972972973 0.5735730354313378 0.85 0.5725158810615539
144 0.7342342342342343 0.5751539522463137 0.825 0.5851638197898865
145 0.7342342342342343 0.5716052364121686 0.85 0.5671455413103104
146 0.7252252252252253 0.579813771419697 0.8 0.6172763407230377
147 0.7364864864864865 0.5706762266051661 0.925 0.50137300491333
148 0.7342342342342343 0.5748530975333205 0.825 0.6020986586809158
149 0.7387387387387387 0.5691988854794889 0.85 0.5619089096784592
150 0.7297297297297297 0.5746561852661339 0.85 0.5780228346586227
151 0.7342342342342343 0.5755678493160385 0.825 0.5808538198471069
152 0.7387387387387387 0.5710920484753342 0.875 0.564427661895752
153 0.7252252252252253 0.5760409201050664 0.825 0.5845763981342316
154 0.7319819819819819 0.5732797991048109 0.9 0.5267425268888474
155 0.7274774774774775 0.5744312223013457 0.8 0.6106935292482376
156 0.7364864864864865 0.5706888115083849 0.875 0.5613581240177155
157 0.7319819819819819 0.5741913877091966 0.85 0.5652789562940598
158 0.7364864864864865 0.5721259103701996 0.85 0.568499693274498
159 0.7252252252252253 0.5767604324731741 0.85 0.5705649673938751
160 0.7387387387387387 0.5729012263787759 0.875 0.5398370057344437
161 0.7319819819819819 0.5735894763791883 0.85 0.5875820517539978
162 0.7364864864864865 0.5729886747158326 0.825 0.5850023120641709
163 0.7319819819819819 0.5748857109396307 0.85 0.5735750675201416
164 0.7364864864864865 0.5717079505190119 0.85 0.569838285446167
165 0.7274774774774775 0.5742654220477955 0.85 0.5570411533117294
166 0.7342342342342343 0.5730532364802318 0.875 0.555005419254303
167 0.7252252252252253 0.5743386042010676 0.825 0.5839997559785843
168 0.7319819819819819 0.5737740574656306 0.85 0.5679982423782348
169 0.7387387387387387 0.5700446101459297 0.85 0.5767512291669845
170 0.7274774774774775 0.5743846528164975 0.85 0.5716429829597474
171 0.7319819819819819 0.5738853699452168 0.775 0.6233962804079056
172 0.7387387387387387 0.5710827335044071 0.925 0.5024752914905548
173 0.7319819819819819 0.5738987060817512 0.85 0.5696894109249115
174 0.7274774774774775 0.5735036515974784 0.85 0.5766219586133957
175 0.7319819819819819 0.5726696993853595 0.825 0.5759685635566711
176 0.7364864864864865 0.57505302788975 0.875 0.5579578340053558
177 0.7319819819819819 0.5709962920025662 0.875 0.5506655186414718
178 0.7274774774774775 0.5732897914744712 0.8 0.605166706442833
179 0.7297297297297297 0.5754831186285964 0.9 0.526747414469719
180 0.7342342342342343 0.5702980278848527 0.775 0.6322785139083862
181 0.7297297297297297 0.5732534001539419 0.875 0.556842502951622
182 0.7364864864864865 0.571234487466984 0.9 0.5283352106809616
183 0.7274774774774775 0.5759885179566907 0.85 0.565689542889595
184 0.7364864864864865 0.5722649395465851 0.85 0.5723448723554612
185 0.7364864864864865 0.570485174387425 0.8 0.6018265277147293
186 0.7342342342342343 0.5747222468122706 0.85 0.5648253917694092
187 0.7319819819819819 0.5731229234386135 0.875 0.5548362284898758
188 0.7387387387387387 0.5698465492811289 0.875 0.546148157119751
189 0.7364864864864865 0.571922541470141 0.825 0.5885824710130692
190 0.7387387387387387 0.5719234803775409 0.85 0.5649769306182861
191 0.7297297297297297 0.5746293239765339 0.825 0.5788385033607483
192 0.7319819819819819 0.5728707324277174 0.85 0.5811323314905167
193 0.7342342342342343 0.5719138254990449 0.9 0.524729660153389
194 0.7387387387387387 0.5703988861930263 0.85 0.5750123769044876
195 0.7319819819819819 0.5725744946582897 0.8 0.6016182720661163
196 0.7252252252252253 0.5775921084322371 0.9 0.529886195063591
197 0.7432432432432432 0.5678164156170579 0.775 0.6321990370750428
198 0.7364864864864865 0.570515641221055 0.9 0.5198249489068985
199 0.7252252252252253 0.5781434607935382 0.875 0.5524818152189255
