0 0.5048076923076923 0.6935845504586513 0.46875 0.6933618560433388
1 0.5144230769230769 0.6931266435063802 0.375 0.6933581829071045
2 0.4951923076923077 0.6929589882493019 0.4375 0.6937562450766563
3 0.5144230769230769 0.6929418840087377 0.53125 0.6931714564561844
4 0.5360576923076923 0.6923708457213181 0.375 0.6958988383412361
5 0.5288461538461539 0.6922835908257045 0.375 0.6950956583023071
6 0.5552884615384616 0.6919485634336104 0.53125 0.6922963261604309
7 0.5697115384615384 0.6890955286530348 0.40625 0.6983324810862541
8 0.6105769230769231 0.6862123723213489 0.5625 0.6926285922527313
9 0.6033653846153846 0.6807521197658318 0.5 0.6956093981862068
10 0.6057692307692307 0.6738464041398122 0.59375 0.6767646670341492
11 0.6105769230769231 0.6683532976760314 0.5 0.6946068778634071
12 0.6346153846153846 0.660145144049938 0.5625 0.6954247206449509
13 0.6490384615384616 0.6469793299642893 0.59375 0.6783598773181438
14 0.6153846153846154 0.6530136039050726 0.40625 0.7215619832277298
15 0.6322115384615384 0.6411031971757228 0.59375 0.6920795291662216
16 0.6466346153846154 0.6386940353191816 0.4375 0.7469749972224236
17 0.6538461538461539 0.6390588252017131 0.625 0.6907922476530075
18 0.6490384615384616 0.6291928936082584 0.59375 0.6895466893911362
19 0.6610576923076923 0.6251998285834606 0.40625 0.7510936260223389
20 0.6490384615384616 0.6252766185655043 0.625 0.6893135905265808
21 0.6754807692307693 0.612179689682447 0.5625 0.6884918957948685
22 0.6610576923076923 0.6161090737352004 0.59375 0.6923051401972771
23 0.6802884615384616 0.615983079545773 0.625 0.698411837220192
24 0.6923076923076923 0.609523285466891 0.6875 0.6643880009651184
25 0.6850961538461539 0.6113496374052304 0.65625 0.7019056081771851
26 0.6971153846153846 0.6035436142522556 0.4375 0.7565289065241814
27 0.6706730769230769 0.610978240863635 0.5625 0.689188726246357
28 0.7019230769230769 0.5990188964284383 0.5625 0.7243058905005455
29 0.7115384615384616 0.5993403491492455 0.6875 0.668040819466114
30 0.6947115384615384 0.6010581358120992 0.625 0.7231155931949615
31 0.71875 0.5953828514768527 0.65625 0.6731933057308197
32 0.7043269230769231 0.5981735930993006 0.625 0.6993209905922413
33 0.7067307692307693 0.5931336289414992 0.4375 0.7358639165759087
34 0.7235576923076923 0.5889281587531934 0.6875 0.682846337556839
35 0.7355769230769231 0.5882074718291943 0.5625 0.7343254163861275
36 0.71875 0.586582660388488 0.5 0.696683332324028
37 0.7235576923076923 0.5928316096273752 0.46875 0.7644705548882484
38 0.7331730769230769 0.5837749050786862 0.5625 0.7252822518348694
39 0.7379807692307693 0.5831718161129035 0.6875 0.6433244794607162
40 0.7355769230769231 0.5813933906073754 0.53125 0.6961590349674225
41 0.7211538461538461 0.5845991957646149 0.625 0.6835060976445675
42 0.7163461538461539 0.5832566661903491 0.46875 0.7513437643647194
43 0.7331730769230769 0.5789301501443753 0.5625 0.6999553591012955
44 0.7331730769230769 0.5811086016205641 0.53125 0.6998220086097717
45 0.7307692307692307 0.577887310144993 0.53125 0.7635318860411644
46 0.7307692307692307 0.5737010882450984 0.5625 0.7149699255824089
47 0.7331730769230769 0.5771585528094035 0.6875 0.6413068622350693
48 0.7211538461538461 0.576741885393858 0.59375 0.7111425772309303
49 0.7283653846153846 0.5780933952102294 0.46875 0.7474518902599812
50 0.7524038461538461 0.5744558575634773 0.53125 0.708235003054142
51 0.7548076923076923 0.5709038789455707 0.5625 0.7213115021586418
52 0.7451923076923077 0.5723361298441887 0.625 0.6450902558863163
53 0.7524038461538461 0.5708751320265807 0.5625 0.7301838397979736
54 0.7572115384615384 0.5680336602605306 0.5 0.7759779095649719
55 0.7548076923076923 0.5663793215957972 0.65625 0.6429791413247585
56 0.7692307692307693 0.564924992620945 0.5 0.7583903074264526
57 0.7548076923076923 0.5665932105710874 0.5 0.7443068698048592
58 0.7740384615384616 0.5633965340944437 0.625 0.6638837195932865
59 0.7644230769230769 0.5663801276913056 0.46875 0.7751473113894463
60 0.7764423076923077 0.5615887401195673 0.65625 0.6508001126348972
61 0.7716346153846154 0.5611406564712524 0.53125 0.7417836487293243
62 0.7692307692307693 0.563552720615497 0.59375 0.6930185966193676
63 0.7644230769230769 0.5631960381108981 0.5625 0.6880742460489273
64 0.7692307692307693 0.5652232152911333 0.625 0.6837061159312725
65 0.7572115384615384 0.5602144392637106 0.4375 0.7340214923024178
66 0.7836538461538461 0.5553782046414338 0.5625 0.706653505563736
67 0.7644230769230769 0.5610286851341908 0.625 0.7055666074156761
68 0.75 0.5575518854535543 0.53125 0.7441794723272324
69 0.7716346153846154 0.5557678834750102 0.5 0.7443286702036858
70 0.7716346153846154 0.5560551205506692 0.625 0.6643286198377609
71 0.7764423076923077 0.5528552876068995 0.53125 0.7638825215399265
72 0.7692307692307693 0.5524101091118959 0.625 0.676353856921196
73 0.7620192307692307 0.5581716201626338 0.53125 0.7408928424119949
74 0.7620192307692307 0.555314436268348 0.5 0.7080026343464851
75 0.7740384615384616 0.5522935129702091 0.5625 0.7520786821842194
76 0.7716346153846154 0.5533007168425963 0.625 0.6569607816636562
77 0.7620192307692307 0.5515785372027984 0.53125 0.7469196990132332
78 0.7692307692307693 0.555721370360026 0.53125 0.7490526735782623
79 0.7836538461538461 0.546293475306951 0.5 0.7565468847751617
80 0.7716346153846154 0.5518886939837382 0.625 0.655311182141304
81 0.78125 0.5493833202009017 0.53125 0.7486163526773453
82 0.7764423076923077 0.5494407673294728 0.5625 0.6816604733467102
83 0.7740384615384616 0.5521924802317069 0.5625 0.7028273940086365
84 0.7740384615384616 0.5428781884794052 0.5 0.7790996730327606
85 0.7836538461538461 0.5482704298427472 0.65625 0.6284174621105194
86 0.7836538461538461 0.544963341492873 0.53125 0.7319746166467667
87 0.7836538461538461 0.5481787816836283 0.625 0.6839525327086449
88 0.7740384615384616 0.5470630070911005 0.4375 0.8260855078697205
89 0.7836538461538461 0.5465482556476042 0.625 0.6449533328413963
90 0.7860576923076923 0.5442241630875148 0.5625 0.7161133848130703
91 0.7740384615384616 0.5466033495389498 0.53125 0.7451540939509869
92 0.7884615384615384 0.5430700174317911 0.625 0.6630370728671551
93 0.7932692307692307 0.5364277079128302 0.5 0.7473577186465263
94 0.7884615384615384 0.5435766325547144 0.625 0.6655385233461857
95 0.78125 0.5469597472021213 0.53125 0.7269928455352783
96 0.7884615384615384 0.5379182908397454 0.5625 0.7149597108364105
97 0.7860576923076923 0.5447635080378789 0.65625 0.6502175740897655
98 0.7908653846153846 0.5423191897571087 0.5 0.7568694576621056
99 0.7884615384615384 0.5418471072155696 0.5625 0.7046343609690666
100 0.7884615384615384 0.5400620300609332 0.5 0.7517381422221661
101 0.7884615384615384 0.5400452012052903 0.59375 0.6809750944375992
102 0.7932692307692307 0.5359905597109061 0.6875 0.6300209201872349
103 0.7788461538461539 0.543850120730125 0.46875 0.7756525874137878
104 0.7932692307692307 0.535498898762923 0.59375 0.6994745694100857
105 0.7932692307692307 0.5377370285300108 0.59375 0.699155893176794
106 0.7932692307692307 0.540904604185086 0.625 0.6879581958055496
107 0.7932692307692307 0.5338468961417675 0.5625 0.7315070703625679
108 0.7908653846153846 0.5376132832696805 0.53125 0.714822418987751
109 0.7884615384615384 0.5400424166940726 0.53125 0.7544293627142906
110 0.78125 0.5391346236261038 0.5625 0.7132479473948479
111 0.7908653846153846 0.5362215555058076 0.625 0.6672197431325912
112 0.7932692307692307 0.5359594248808347 0.4375 0.761037066578865
113 0.7884615384615384 0.534432236964886 0.65625 0.6508394107222557
114 0.7932692307692307 0.5388032507437926 0.53125 0.7378956526517868
115 0.7908653846153846 0.535170664294408 0.625 0.67521708086133
116 0.8004807692307693 0.5302728744080434 0.5625 0.7030889242887497
117 0.7956730769230769 0.5358708790288522 0.5 0.7581847496330738
118 0.7836538461538461 0.5393152543558524 0.5625 0.7234552502632141
119 0.7884615384615384 0.532625403541785 0.59375 0.6574758477509022
120 0.7956730769230769 0.5352741585901151 0.53125 0.753680981695652
121 0.7932692307692307 0.5337366848610915 0.53125 0.7620120272040367
122 0.7836538461538461 0.5371178483160642 0.5625 0.689470075070858
123 0.7884615384615384 0.5359814258722159 0.59375 0.6767131313681602
124 0.7884615384615384 0.532406497746706 0.5625 0.7192535139620304
125 0.7836538461538461 0.5351805042188901 0.5625 0.6936806030571461
126 0.7908653846153846 0.53409345763234 0.4375 0.7834688350558281
127 0.7860576923076923 0.5324482252964606 0.625 0.6937335059046745
128 0.7980769230769231 0.5283430648537782 0.5 0.7111728526651859
129 0.8004807692307693 0.5327068148897245 0.5625 0.7133352905511856
130 0.8028846153846154 0.5297891076367635 0.5625 0.718781590461731
131 0.7908653846153846 0.531613224114363 0.5 0.7403294667601585
132 0.7932692307692307 0.5307662146022687 0.5625 0.7325923815369606
133 0.7980769230769231 0.530078186152073 0.5625 0.6968124657869339
134 0.7860576923076923 0.5345113733066962 0.5625 0.6927168145775795
135 0.7956730769230769 0.5306269870354579 0.53125 0.7246824949979782
136 0.7908653846153846 0.5324685880197928 0.5625 0.7157968506217003
137 0.7884615384615384 0.5331309529451224 0.59375 0.669202234596014
138 0.7980769230769231 0.5265400452682605 0.53125 0.763502761721611
139 0.7956730769230769 0.5320527370159442 0.625 0.6587487310171127
140 0.7860576923076923 0.5324290896264406 0.40625 0.7953687757253647
141 0.8004807692307693 0.5269202959652131 0.5625 0.6923345103859901
142 0.7980769230769231 0.5314639199238557 0.53125 0.7015383653342724
143 0.7932692307692307 0.5298534144575779 0.59375 0.7132939249277115
144 0.7980769230769231 0.5261102659771075 0.625 0.6824044361710548
145 0.7932692307692307 0.5324682719432391 0.5 0.7300636433064938
146 0.7932692307692307 0.5311050767508837 0.5625 0.687083400785923
147 0.8028846153846154 0.5265785919932219 0.59375 0.7060512155294418
148 0.7932692307692307 0.5295525101514963 0.5625 0.7012476213276386
149 0.7980769230769231 0.52892680437519 0.59375 0.7203762829303741
150 0.7908653846153846 0.52886049879285 0.625 0.662041187286377
151 0.8004807692307693 0.5279018391783421 0.59375 0.6875031962990761
152 0.8004807692307693 0.5284246905491903 0.53125 0.7171827927231789
153 0.7980769230769231 0.5284329042411767 0.65625 0.6577716358006
154 0.7908653846153846 0.5308614430519251 0.375 0.7927046045660973
155 0.8004807692307693 0.5256784664323697 0.59375 0.7238164320588112
156 0.7884615384615384 0.5303255319595337 0.59375 0.6280642487108707
157 0.7980769230769231 0.5281158356139293 0.53125 0.7491145581007004
158 0.7956730769230769 0.5279504118057398 0.5625 0.7102605029940605
159 0.7980769230769231 0.5259274997963355 0.5625 0.751270167529583
160 0.7932692307692307 0.5329214787253966 0.5625 0.6929610185325146
161 0.7956730769230769 0.5244547925316371 0.4375 0.7889641225337982
162 0.8028846153846154 0.5242026416728129 0.53125 0.7358638942241669
163 0.7908653846153846 0.5265480130910873 0.5 0.7575739249587059
164 0.8004807692307693 0.5287711150371112 0.5625 0.6731676049530506
165 0.7884615384615384 0.5303206002483001 0.59375 0.7066463306546211
166 0.7956730769230769 0.5273499425787193 0.53125 0.7068670690059662
167 0.8028846153846154 0.5235690182218184 0.53125 0.719410628080368
168 0.7980769230769231 0.5269571451040415 0.53125 0.7284406051039696
169 0.7980769230769231 0.5291431448780574 0.59375 0.7049513608217239
170 0.8028846153846154 0.5232694767988645 0.65625 0.6354761756956577
171 0.7908653846153846 0.5310953024488229 0.5 0.7257657647132874
172 0.8004807692307693 0.5274043149099901 0.5 0.7568697333335876
173 0.8100961538461539 0.5227942306261796 0.65625 0.6293877959251404
174 0.7980769230769231 0.5288993492722511 0.59375 0.682036004960537
175 0.8076923076923077 0.5235542677916013 0.53125 0.7156553640961647
176 0.7956730769230769 0.5262611029812923 0.53125 0.716517124325037
177 0.8004807692307693 0.5278958858778844 0.5 0.7464925348758698
178 0.8052884615384616 0.5246176776977686 0.53125 0.714506708085537
179 0.8004807692307693 0.5265335982235578 0.59375 0.6925781965255737
180 0.8076923076923077 0.5223506557253691 0.59375 0.661211509257555
181 0.7980769230769231 0.527278118695204 0.4375 0.7788448743522167
182 0.8076923076923077 0.524326965212822 0.6875 0.6334661319851875
183 0.7956730769230769 0.531835967531571 0.5625 0.6878305710852146
184 0.8076923076923077 0.521134550181719 0.5 0.7222491577267647
185 0.7980769230769231 0.5278969352635053 0.53125 0.7375321984291077
186 0.8004807692307693 0.5253579587890551 0.5 0.7262696363031864
187 0.8100961538461539 0.521789537026332 0.53125 0.7400585561990738
188 0.8004807692307693 0.5268252208255805 0.5625 0.6698153465986252
189 0.7980769230769231 0.5263726585186445 0.5 0.7537230849266052
190 0.8125 0.5207183865400461 0.5 0.7752433121204376
191 0.8004807692307693 0.5272258746509368 0.625 0.6505654156208038
192 0.7980769230769231 0.5297069397683327 0.53125 0.7389373481273651
193 0.8076923076923077 0.5194748554092187 0.53125 0.7076156511902809
194 0.7932692307692307 0.5284064286030256 0.53125 0.7118778079748154
195 0.8028846153846154 0.5236820154465162 0.59375 0.6850023530423641
196 0.8004807692307693 0.5265108432907325 0.53125 0.6953866556286812
197 0.8028846153846154 0.5221672350397477 0.46875 0.8018450476229191
198 0.8052884615384616 0.5239257325346653 0.6875 0.5835835300385952
199 0.7980769230769231 0.5285491321522456 0.5 0.7501157000660896
