0 0.5 0.6940410470103359 0.425 0.6949891567230224
1 0.4954954954954955 0.6912407155509468 0.45 0.6658063888549804
2 0.5675675675675675 0.6810652806952193 0.65 0.6566438674926758
3 0.6621621621621622 0.6729728982255265 0.8 0.6389453172683716
4 0.6554054054054054 0.6706801078341029 0.675 0.6579326033592224
5 0.6666666666666666 0.6670535120878134 0.825 0.631873893737793
6 0.6576576576576577 0.666599356376373 0.75 0.6396442770957946
7 0.6644144144144144 0.6622397400237419 0.75 0.6345436096191406
8 0.6779279279279279 0.659480631351471 0.775 0.6329950392246246
9 0.6599099099099099 0.657429782656936 0.775 0.6290891170501709
10 0.6644144144144144 0.6546566464879491 0.675 0.637410181760788
11 0.6441441441441441 0.6552393978780454 0.725 0.632438600063324
12 0.6734234234234234 0.6529802185995085 0.725 0.6336219072341919
13 0.6531531531531531 0.6513969747869818 0.85 0.6114263594150543
14 0.6801801801801802 0.647998610595325 0.675 0.6327609121799469
15 0.6756756756756757 0.6479587034062222 0.7 0.6342369377613067
16 0.6779279279279279 0.6446206107869878 0.8 0.6172131478786469
17 0.6441441441441441 0.6439799886566024 0.725 0.6182378053665161
18 0.6801801801801802 0.6418975833299998 0.7 0.6354036092758178
19 0.6644144144144144 0.6404061564454088 0.7 0.620614641904831
20 0.6554054054054054 0.6388600559921952 0.775 0.604717206954956
21 0.6666666666666666 0.6393486438570796 0.725 0.6356083929538727
22 0.6891891891891891 0.6363501312496426 0.75 0.6058721542358398
23 0.6554054054054054 0.6366464731929539 0.825 0.6099443018436432
24 0.7094594594594594 0.6366166955715901 0.725 0.6376559793949127
25 0.6779279279279279 0.6346444944003681 0.9 0.604116290807724
26 0.6869369369369369 0.6318270789610373 0.85 0.6206193685531616
27 0.6621621621621622 0.6308829757544372 0.725 0.6271745443344117
28 0.6959459459459459 0.6285207161495278 0.7 0.6237212121486664
29 0.6869369369369369 0.628609464512215 0.85 0.6200861394405365
30 0.6824324324324325 0.6302246252695719 0.9 0.6271769821643829
31 0.713963963963964 0.6268752617341978 0.85 0.6018093943595886
32 0.6869369369369369 0.6239827436369818 0.75 0.6294267058372498
33 0.6936936936936937 0.6242215520626789 0.7 0.6296677649021148
34 0.7027027027027027 0.6223540322200672 0.775 0.6246088564395904
35 0.704954954954955 0.6211646040817639 0.875 0.6172912538051605
36 0.6914414414414415 0.6201383715814298 0.725 0.6363609671592713
37 0.6959459459459459 0.6214344262539804 0.775 0.6260462760925293
38 0.6846846846846847 0.6199180126727164 0.8 0.6253147393465042
39 0.7072072072072072 0.6165423350291209 0.525 0.6423831701278686
40 0.6914414414414415 0.6172484503136025 0.775 0.6268913388252259
41 0.7094594594594594 0.6137583443710396 0.675 0.6589001595973969
42 0.7117117117117117 0.6151216800685402 0.85 0.6324592411518097
43 0.704954954954955 0.6119002756234762 0.775 0.6322493374347686
44 0.6869369369369369 0.6167117730454281 0.725 0.6512328505516052
45 0.7117117117117117 0.6120580018640639 0.75 0.6401375234127045
46 0.704954954954955 0.612934745109833 0.625 0.6280346870422363
47 0.7162162162162162 0.6065415380237339 0.75 0.6410541117191315
48 0.6824324324324325 0.6151763388702461 0.55 0.6505671977996826
49 0.7207207207207207 0.6057926990964391 0.6 0.6429230809211731
50 0.6936936936936937 0.6051010962005134 0.675 0.6487928867340088
51 0.6891891891891891 0.6088218705074208 0.525 0.6541955053806305
52 0.7072072072072072 0.6059653801960988 0.525 0.654747599363327
53 0.7004504504504504 0.6080091321790541 0.575 0.648664140701294
54 0.6914414414414415 0.6057065443412678 0.45 0.6600833922624588
55 0.7117117117117117 0.6049721112122407 0.5 0.6612770020961761
56 0.722972972972973 0.606128342248298 0.5 0.6559540033340454
57 0.7027027027027027 0.6025493633639705 0.6 0.6420885741710662
58 0.7207207207207207 0.6017933901365813 0.475 0.6554421365261078
59 0.7162162162162162 0.6029170413275022 0.45 0.6751608639955521
60 0.7252252252252253 0.6002726184355246 0.575 0.6418772339820862
61 0.7162162162162162 0.601653953124811 0.525 0.6694626927375793
62 0.7072072072072072 0.6046068472368223 0.55 0.6433529198169708
63 0.7252252252252253 0.5969918394410932 0.5 0.6657084643840789
64 0.704954954954955 0.6043539764107885 0.525 0.6522058308124542
65 0.7117117117117117 0.5996829596188691 0.475 0.6622842848300934
66 0.7117117117117117 0.5973894743769018 0.525 0.6511040091514587
67 0.7027027027027027 0.6028459899060361 0.475 0.6661546647548675
68 0.7072072072072072 0.6004265173598453 0.475 0.6442200183868408
69 0.7274774774774775 0.5975706177251833 0.5 0.6590151965618134
70 0.7297297297297297 0.5952048755443848 0.475 0.6919244170188904
71 0.7184684684684685 0.5963176400274843 0.55 0.6287261009216308
72 0.7117117117117117 0.6001151069864497 0.5 0.680602365732193
73 0.722972972972973 0.5943268005912369 0.525 0.6423734605312348
74 0.7162162162162162 0.5973194657682298 0.675 0.663374799489975
75 0.704954954954955 0.5963410498859646 0.45 0.6694692254066468
76 0.7072072072072072 0.5955306823189194 0.55 0.6493323266506195
77 0.7117117117117117 0.5963854644749615 0.5 0.6837411403656006
78 0.7117117117117117 0.597670934221766 0.525 0.6469916343688965
79 0.7207207207207207 0.5929234768893268 0.525 0.6682646989822387
80 0.7162162162162162 0.5968099228433661 0.45 0.6663798213005065
81 0.7072072072072072 0.5954618180120314 0.5 0.6597354680299758
82 0.713963963963964 0.5935075385076506 0.475 0.6814549386501312
83 0.6981981981981982 0.5979391680107461 0.65 0.6065784156322479
84 0.7184684684684685 0.5952491905238178 0.475 0.6865549802780151
85 0.7297297297297297 0.5925728498815416 0.475 0.6527273982763291
86 0.713963963963964 0.5929044468982799 0.45 0.6863845586776733
87 0.7117117117117117 0.5957416830299137 0.525 0.64713054895401
88 0.7162162162162162 0.595014999578665 0.5 0.6716855376958847
89 0.713963963963964 0.5939334676609384 0.5 0.6535343825817108
90 0.7252252252252253 0.5924711622096397 0.525 0.6491169810295105
91 0.7297297297297297 0.5917348026692331 0.475 0.6738877177238465
92 0.7094594594594594 0.5948316403874406 0.425 0.6844917058944702
93 0.7162162162162162 0.5951908883210775 0.6 0.6354763090610505
94 0.7184684684684685 0.5950865560286754 0.425 0.6827232003211975
95 0.7162162162162162 0.5913239883946942 0.525 0.6589913129806518
96 0.7184684684684685 0.5952763962853063 0.475 0.6756714373826981
97 0.7072072072072072 0.594671496399888 0.525 0.6491641640663147
98 0.722972972972973 0.5909439746860985 0.5 0.6593419969081878
99 0.7072072072072072 0.5899173824099807 0.5 0.6659399449825287
100 0.7117117117117117 0.593730563247526 0.525 0.6499101221561432
101 0.7162162162162162 0.5898454559815897 0.55 0.6601695477962494
102 0.7184684684684685 0.5929289999845866 0.425 0.6846427738666534
103 0.7162162162162162 0.5914229219024246 0.525 0.6529580891132355
104 0.713963963963964 0.5934995568550385 0.5 0.6657519936561584
105 0.7072072072072072 0.5952030251155028 0.475 0.6545061707496643
106 0.722972972972973 0.589745722643964 0.525 0.6661237359046936
107 0.722972972972973 0.5918793211112151 0.525 0.6406885325908661
108 0.7184684684684685 0.5882704628480447 0.475 0.6811022341251374
109 0.704954954954955 0.5949169139604311 0.45 0.67499138712883
110 0.7184684684684685 0.5902659133210912 0.525 0.6623181521892547
111 0.704954954954955 0.5943718528425371 0.5 0.6744751274585724
112 0.7319819819819819 0.5871801668996209 0.5 0.6504934161901474
113 0.713963963963964 0.5930526479407474 0.55 0.6473869353532791
114 0.722972972972973 0.5891896437954258 0.425 0.7032382309436798
115 0.7162162162162162 0.5937665741185885 0.5 0.6505383342504502
116 0.7117117117117117 0.5900282859802246 0.525 0.6552416086196899
117 0.7162162162162162 0.5921100616992057 0.45 0.6742012590169907
118 0.7297297297297297 0.5880705867264722 0.525 0.6608729779720306
119 0.7207207207207207 0.590073694785436 0.575 0.6307078659534454
120 0.713963963963964 0.5935711143790064 0.475 0.6669444084167481
121 0.7117117117117117 0.5886458233670071 0.425 0.7065391182899475
122 0.7252252252252253 0.5887559107295027 0.55 0.6385272473096848
123 0.7162162162162162 0.5898837959981179 0.525 0.6439868956804276
124 0.7162162162162162 0.5923755466938019 0.475 0.678488141298294
125 0.7184684684684685 0.5905627184086018 0.45 0.6720143914222717
126 0.7184684684684685 0.5905764231810698 0.55 0.6660924255847931
127 0.7117117117117117 0.5881332521503037 0.5 0.6526910603046417
128 0.7184684684684685 0.5911359131873191 0.475 0.6586378693580628
129 0.7162162162162162 0.5924715018487191 0.525 0.6478289663791656
130 0.7274774774774775 0.5877902840708827 0.5 0.6753975450992584
131 0.7252252252252253 0.5892783486628318 0.475 0.6789870798587799
132 0.7162162162162162 0.5920250732619483 0.575 0.6271116435527802
133 0.722972972972973 0.5891686715521254 0.475 0.6692003905773163
134 0.7252252252252253 0.5870192950373297 0.475 0.6740649104118347
135 0.7184684684684685 0.5910869909299387 0.45 0.6815301239490509
136 0.7094594594594594 0.5903077082591014 0.55 0.6461237967014313
137 0.7207207207207207 0.5880264618375279 0.55 0.6453181445598603
138 0.7207207207207207 0.5882071087489257 0.425 0.6845122575759888
139 0.7162162162162162 0.5900165341995858 0.5 0.6618228733539582
140 0.722972972972973 0.5883585351544458 0.575 0.6380526781082153
141 0.713963963963964 0.5886292736809533 0.425 0.6984297931194305
142 0.7117117117117117 0.5919372044705056 0.5 0.6547739684581757
143 0.7274774774774775 0.5860942097397538 0.5 0.6676582872867585
144 0.722972972972973 0.5912023175944079 0.525 0.6522265881299972
145 0.7252252252252253 0.5864529633844221 0.5 0.6652782380580902
146 0.713963963963964 0.5913632541626423 0.55 0.6443273484706878
147 0.722972972972973 0.5859481764806284 0.4 0.687159925699234
148 0.713963963963964 0.5914545510266278 0.525 0.6650656998157501
149 0.7319819819819819 0.5842868068196752 0.525 0.6368711471557618
150 0.7184684684684685 0.5891307288998956 0.5 0.6789298951625824
151 0.7162162162162162 0.591651817431321 0.45 0.6792239785194397
152 0.7184684684684685 0.5897018850386679 0.575 0.6412155628204346
153 0.7162162162162162 0.5893350740273794 0.475 0.662192377448082
154 0.7184684684684685 0.5881870668213647 0.475 0.6714238345623016
155 0.7207207207207207 0.5882245629757374 0.55 0.6508767008781433
156 0.7184684684684685 0.5894883146157136 0.5 0.6593628138303756
157 0.7297297297297297 0.586755965744053 0.45 0.6870562911033631
158 0.722972972972973 0.587237026508864 0.45 0.6665687620639801
159 0.7184684684684685 0.5908588246182278 0.575 0.6287118703126907
160 0.722972972972973 0.5865401843109647 0.425 0.6971111297607422
161 0.7162162162162162 0.5898097213861104 0.575 0.6335497558116913
162 0.7207207207207207 0.5884677531482937 0.525 0.6689287990331649
163 0.722972972972973 0.5887347446368622 0.45 0.6764278829097747
164 0.722972972972973 0.5876049348362932 0.575 0.6393307507038116
165 0.7184684684684685 0.5896220448854808 0.475 0.6672082960605621
166 0.7184684684684685 0.5890006761293154 0.475 0.6774300336837769
167 0.7207207207207207 0.5872428293700691 0.475 0.6755696535110474
168 0.7184684684684685 0.5901042617656089 0.475 0.6560008287429809
169 0.722972972972973 0.5864437482915483 0.55 0.6573736906051636
170 0.7274774774774775 0.5874584574957151 0.5 0.6633675575256348
171 0.722972972972973 0.5863975238155674 0.525 0.6392798215150833
172 0.7207207207207207 0.5867535710871756 0.475 0.6613003969192505
173 0.722972972972973 0.5878575556987041 0.475 0.6925747334957123
174 0.7184684684684685 0.5907718901698654 0.525 0.6464823752641677
175 0.7252252252252253 0.5846818972815264 0.425 0.6979660063982009
176 0.7117117117117117 0.5915522733787159 0.575 0.6204538643360138
177 0.7274774774774775 0.5847924604072227 0.5 0.6734643816947937
178 0.7252252252252253 0.5881562010124997 0.5 0.6618610382080078
179 0.722972972972973 0.5885530302116463 0.45 0.6767630219459534
180 0.7252252252252253 0.5860980971976444 0.55 0.653154855966568
181 0.7162162162162162 0.5894613443194209 0.55 0.6359015107154846
182 0.7252252252252253 0.5856727114668837 0.475 0.6737886637449264
183 0.7162162162162162 0.5889168577688234 0.475 0.6748839557170868
184 0.7184684684684685 0.5891665126289334 0.475 0.6695076644420623
185 0.7252252252252253 0.5869697455887322 0.475 0.6750823616981506
186 0.7207207207207207 0.588838500482542 0.55 0.6385109901428223
187 0.7207207207207207 0.5886356030498539 0.6 0.6449831902980805
188 0.7274774774774775 0.5865267593044419 0.4 0.6923477053642273
189 0.7252252252252253 0.5859974630781122 0.475 0.6643162429332733
190 0.7207207207207207 0.5885519549116358 0.5 0.6489099979400634
191 0.7207207207207207 0.5882582906130198 0.5 0.6733043968677521
192 0.7184684684684685 0.5886141816238025 0.525 0.656878650188446
193 0.7252252252252253 0.5857328294633745 0.5 0.6557602167129517
194 0.722972972972973 0.587170114388337 0.5 0.6813388019800186
195 0.7252252252252253 0.5863718954292504 0.55 0.6315696835517883
196 0.7094594594594594 0.5914249777256906 0.45 0.6828745603561401
197 0.7274774774774775 0.5840226041304099 0.475 0.6761680543422699
198 0.7297297297297297 0.5846470819937216 0.525 0.6334261476993561
199 0.7184684684684685 0.590368258255022 0.45 0.6812473356723785
