0 0.5 0.6909069123568835 0.425 0.722442626953125
1 0.5518018018018018 0.6828691513688715 0.75 0.6978241324424743
2 0.6418918918918919 0.6669404995334041 0.5 0.692276406288147
3 0.6644144144144144 0.6621237569027119 0.4 0.7165100753307343
4 0.668918918918919 0.6592258435111862 0.55 0.6809337615966797
5 0.6734234234234234 0.657733868371259 0.4 0.703672194480896
6 0.6959459459459459 0.6528538540676907 0.45 0.6962665736675262
7 0.6801801801801802 0.6519891222318014 0.475 0.6915791392326355
8 0.6959459459459459 0.6502422362834483 0.725 0.69347864985466
9 0.6824324324324325 0.6495561460116962 0.6 0.6896796345710754
10 0.6846846846846847 0.6470742805584057 0.475 0.6850593686103821
11 0.6824324324324325 0.6458985445735691 0.775 0.6742568790912629
12 0.6801801801801802 0.6452102215440424 0.7 0.6957090497016907
13 0.7117117117117117 0.6420779416153023 0.75 0.6914814829826355
14 0.6959459459459459 0.641998480569135 0.7 0.6890194892883301
15 0.7072072072072072 0.6395311849611299 0.725 0.6855175793170929
16 0.704954954954955 0.6386349367665815 0.775 0.6855873823165893
17 0.7117117117117117 0.6378134988449715 0.75 0.6883133053779602
18 0.7252252252252253 0.6343952744930714 0.75 0.6761096894741059
19 0.722972972972973 0.63512327595874 0.8 0.672465342283249
20 0.7342342342342343 0.633511872441919 0.75 0.6840786695480346
21 0.7319819819819819 0.6323416329718925 0.775 0.67902951836586
22 0.7432432432432432 0.6329691275820002 0.75 0.6947691798210144
23 0.7162162162162162 0.6297584065982887 0.75 0.687848961353302
24 0.7342342342342343 0.632351151457778 0.775 0.6716079115867615
25 0.7364864864864865 0.6276588896373371 0.775 0.6698068976402283
26 0.7297297297297297 0.6275176381742632 0.75 0.688148146867752
27 0.7319819819819819 0.6233046460259068 0.775 0.6786630809307098
28 0.7477477477477478 0.6245172888309032 0.7 0.694804310798645
29 0.7387387387387387 0.6224886119902671 0.775 0.681880658864975
30 0.7432432432432432 0.621434541435929 0.5 0.6747603416442871
31 0.7454954954954955 0.620447881049938 0.675 0.7014955163002015
32 0.7342342342342343 0.6190243733895792 0.675 0.6705770492553711
33 0.7432432432432432 0.6159054234221175 0.675 0.694051206111908
34 0.7387387387387387 0.6160664936980685 0.75 0.6752399742603302
35 0.7522522522522522 0.6150363750822909 0.475 0.686279034614563
36 0.7252252252252253 0.6157685537059028 0.4 0.6910585880279541
37 0.7387387387387387 0.6122265130549938 0.675 0.6924825429916381
38 0.7184684684684685 0.6132606120259912 0.4 0.7023926615715027
39 0.7364864864864865 0.611875026344179 0.4 0.6862553238868714
40 0.7319819819819819 0.6074425991591033 0.525 0.6992514252662658
41 0.7387387387387387 0.6052146790263889 0.475 0.6657069444656372
42 0.7207207207207207 0.6099936231836542 0.325 0.6957277476787567
43 0.7319819819819819 0.6032987685353907 0.375 0.7148683309555054
44 0.7207207207207207 0.6104507083828384 0.3 0.7017329931259155
45 0.722972972972973 0.6061613506025022 0.35 0.6886977970600128
46 0.7252252252252253 0.6023721050571751 0.55 0.6763980031013489
47 0.7252252252252253 0.6002365015111528 0.475 0.7138855040073395
48 0.704954954954955 0.6074589270729203 0.525 0.6949608504772187
49 0.7297297297297297 0.5964133981111888 0.525 0.6903595149517059
50 0.7274774774774775 0.5978230409794025 0.4 0.6953616917133332
51 0.7162162162162162 0.597856448577331 0.375 0.7068514823913574
52 0.7117117117117117 0.5986585888239715 0.5 0.690302723646164
53 0.7184684684684685 0.599848391504975 0.525 0.6865606784820557
54 0.722972972972973 0.5958104845102843 0.225 0.7373186349868774
55 0.722972972972973 0.5972281450086886 0.425 0.6851582467556
56 0.722972972972973 0.5926241321606679 0.4 0.7097352623939515
57 0.7117117117117117 0.5966293403694222 0.2 0.7340299427509308
58 0.7319819819819819 0.5926070567723867 0.5 0.6728422582149506
59 0.722972972972973 0.5920290737538725 0.375 0.716899448633194
60 0.7184684684684685 0.5915448985121272 0.475 0.6793211221694946
61 0.7184684684684685 0.5916276276111603 0.5 0.6988793075084686
62 0.7207207207207207 0.5943940042912423 0.425 0.690438711643219
63 0.7252252252252253 0.5897553238245818 0.45 0.6910553872585297
64 0.7207207207207207 0.5942463915090304 0.4 0.7125764966011048
65 0.713963963963964 0.5908784906606417 0.425 0.6885186970233917
66 0.7184684684684685 0.5862286348600645 0.2 0.7428734242916107
67 0.6959459459459459 0.5915436307052234 0.5 0.6832831025123596
68 0.7094594594594594 0.5884406937135233 0.4 0.7169477581977844
69 0.7274774774774775 0.5862014691034952 0.425 0.7153290450572968
70 0.7072072072072072 0.5898922367675884 0.5 0.6763512909412384
71 0.7297297297297297 0.5839085753436561 0.425 0.7163731217384338
72 0.7117117117117117 0.5876389758006947 0.45 0.7071058511734009
73 0.7162162162162162 0.5863290697604686 0.45 0.6957065284252166
74 0.7162162162162162 0.5858748974026861 0.3 0.7065409839153289
75 0.7162162162162162 0.5829606649574933 0.425 0.7157576084136963
76 0.7117117117117117 0.5868441454462103 0.375 0.7011431217193603
77 0.7297297297297297 0.5837094327350995 0.525 0.6861593186855316
78 0.722972972972973 0.5860683526004757 0.45 0.7059663772583008
79 0.7274774774774775 0.5818250957910005 0.425 0.695528507232666
80 0.7252252252252253 0.5847382883767824 0.375 0.729391199350357
81 0.7319819819819819 0.5821548509705174 0.425 0.6982212662696838
82 0.7117117117117117 0.5831016788074562 0.45 0.6916491329669953
83 0.7342342342342343 0.5835025646128096 0.4 0.7261573314666748
84 0.7094594594594594 0.5843402810461886 0.475 0.690908545255661
85 0.7274774774774775 0.5827151289931288 0.35 0.7230397880077362
86 0.7252252252252253 0.5836494551585601 0.4 0.7053161323070526
87 0.7162162162162162 0.5798581175438993 0.5 0.6813645362854004
88 0.7252252252252253 0.5851002126126676 0.45 0.6974354922771454
89 0.7297297297297297 0.5794678198861646 0.5 0.6759320735931397
90 0.7162162162162162 0.5818682559975633 0.425 0.7117199003696442
91 0.7274774774774775 0.5813114490057971 0.4 0.7034114360809326
92 0.7252252252252253 0.5796657099917129 0.35 0.7014843165874481
93 0.7162162162162162 0.5848115961830895 0.475 0.7066453278064728
94 0.7252252252252253 0.5820401496178395 0.375 0.7032889604568482
95 0.7342342342342343 0.5772205956347354 0.45 0.6998624324798584
96 0.7274774774774775 0.5796676774819692 0.475 0.695432037115097
97 0.7162162162162162 0.5810698370138804 0.4 0.7190677404403687
98 0.7252252252252253 0.5798279653798353 0.45 0.6959981501102448
99 0.7364864864864865 0.5790838379043717 0.425 0.686653009057045
100 0.7207207207207207 0.5788402850026483 0.35 0.7208906471729278
101 0.7319819819819819 0.5765761888778962 0.45 0.6982203185558319
102 0.7252252252252253 0.5776761595730309 0.5 0.6687602430582047
103 0.7274774774774775 0.5803054718820898 0.375 0.7156946897506714
104 0.7274774774774775 0.5778007802662549 0.45 0.6886248469352723
105 0.7207207207207207 0.5804425486036249 0.375 0.7201666235923767
106 0.7297297297297297 0.5757314390964337 0.45 0.689175945520401
107 0.713963963963964 0.5807162791759044 0.4 0.7159492284059524
108 0.7319819819819819 0.5780181608221553 0.45 0.6804771304130555
109 0.7162162162162162 0.5775012870629629 0.375 0.7148710370063782
110 0.7387387387387387 0.5758889991420884 0.475 0.6902909338474273
111 0.713963963963964 0.5809055945357761 0.375 0.6923772513866424
112 0.7319819819819819 0.5745094944764902 0.45 0.7005039900541306
113 0.722972972972973 0.5783443295203887 0.45 0.7004042804241181
114 0.7319819819819819 0.5752024661313306 0.375 0.6900629043579102
115 0.7162162162162162 0.5767249773751508 0.425 0.706523996591568
116 0.7162162162162162 0.5798791587889731 0.425 0.7041447103023529
117 0.7184684684684685 0.5770427973957749 0.4 0.7101367950439453
118 0.7319819819819819 0.5741475978950122 0.375 0.6989227831363678
119 0.7274774774774775 0.5750626529659237 0.475 0.7006619215011597
120 0.7207207207207207 0.5774226693419723 0.375 0.7074399769306183
121 0.7297297297297297 0.5765254220984004 0.525 0.653680819272995
122 0.7319819819819819 0.5752048632046124 0.375 0.7153823971748352
123 0.7252252252252253 0.5764827231566111 0.425 0.6891607791185379
124 0.7364864864864865 0.5746285598557275 0.4 0.7045080244541169
125 0.7342342342342343 0.5753983965328148 0.425 0.6949555814266205
126 0.7252252252252253 0.578875875687814 0.475 0.6840932011604309
127 0.7252252252252253 0.572929657257355 0.425 0.6927916049957276
128 0.7342342342342343 0.5773517156506444 0.35 0.7209197461605072
129 0.7297297297297297 0.5735669498508041 0.425 0.707038152217865
130 0.7319819819819819 0.5740546772071907 0.4 0.6862757980823517
131 0.7387387387387387 0.574287750967988 0.425 0.6962026953697205
132 0.7319819819819819 0.5774224000471132 0.475 0.6842062175273895
133 0.7342342342342343 0.5752696797654435 0.4 0.7098793148994446
134 0.7454954954954955 0.5706533545309359 0.45 0.6835243970155715
135 0.7252252252252253 0.574823854474334 0.375 0.7041752099990845
136 0.7252252252252253 0.576172904656814 0.45 0.6989282190799713
137 0.7342342342342343 0.5729535716074007 0.425 0.7033242583274841
138 0.722972972972973 0.5750184451137577 0.45 0.6741092741489411
139 0.7342342342342343 0.5739555748196336 0.375 0.7118017643690109
140 0.7274774774774775 0.5745064616203308 0.5 0.6793884813785553
141 0.7319819819819819 0.5718773294676531 0.4 0.7005757808685302
142 0.7252252252252253 0.5781427452693114 0.425 0.6957567691802978
143 0.7477477477477478 0.5680516944812225 0.425 0.6931138217449189
144 0.7432432432432432 0.5723610710990321 0.4 0.7067278861999512
145 0.7274774774774775 0.5744866524730716 0.425 0.6930285930633545
146 0.7387387387387387 0.5750206483376993 0.45 0.6934363722801209
147 0.7387387387387387 0.5719228118389577 0.375 0.6960982561111451
148 0.7387387387387387 0.5738116019480938 0.5 0.6803596675395965
149 0.7364864864864865 0.5741287343673878 0.325 0.7353846460580826
150 0.7364864864864865 0.5745263150683394 0.5 0.6693835020065307
151 0.7364864864864865 0.5736050401721988 0.4 0.6909273207187653
152 0.7342342342342343 0.5731773529503796 0.45 0.7101815819740296
153 0.7297297297297297 0.5726344923715334 0.375 0.7066387355327606
154 0.7387387387387387 0.5714005352677526 0.45 0.6884668886661529
155 0.7364864864864865 0.5742448219307908 0.425 0.6916933655738831
156 0.7274774774774775 0.5754394329882957 0.475 0.6784942805767059
157 0.7432432432432432 0.5679917802681794 0.4 0.7039250373840332
158 0.7342342342342343 0.5727002250181662 0.4 0.6946285128593445
159 0.7342342342342343 0.5762688179273863 0.4 0.7169350981712341
160 0.740990990990991 0.5691641526179271 0.475 0.6629087328910828
161 0.7342342342342343 0.5744498667416272 0.4 0.7217726707458496
162 0.7342342342342343 0.5743064904535139 0.425 0.6923612117767334
163 0.7364864864864865 0.570931694529078 0.45 0.6822674989700317
164 0.7342342342342343 0.5719481032710891 0.45 0.6956669569015503
165 0.7319819819819819 0.5745138338020256 0.35 0.7104731678962708
166 0.7364864864864865 0.5727629618601756 0.5 0.6658971816301346
167 0.7387387387387387 0.5718085099984934 0.4 0.6987325787544251
168 0.7274774774774775 0.5742622804534327 0.425 0.7010273933410645
169 0.7387387387387387 0.5716076802026044 0.425 0.6851865112781524
170 0.7432432432432432 0.568312422380791 0.45 0.6845675468444824
171 0.7387387387387387 0.5714347888757517 0.375 0.7141646206378937
172 0.7342342342342343 0.5751848747064402 0.375 0.7063256204128265
173 0.7387387387387387 0.5700387025738621 0.5 0.6731630891561509
174 0.7319819819819819 0.5730127157928707 0.425 0.6885263204574585
175 0.75 0.5694865627331777 0.425 0.6859769105911255
176 0.7297297297297297 0.5755155411389496 0.4 0.7238219618797302
177 0.7432432432432432 0.5675061710245974 0.425 0.6901653110980988
178 0.7297297297297297 0.5727961364093127 0.425 0.6877477586269378
179 0.7477477477477478 0.5718778377180701 0.425 0.6920040249824524
180 0.7432432432432432 0.5696812618423153 0.45 0.6725210547447205
181 0.7342342342342343 0.5714119578803982 0.475 0.6949854552745819
182 0.740990990990991 0.5728318425449165 0.35 0.7147914350032807
183 0.7297297297297297 0.5722338436423121 0.45 0.6829759478569031
184 0.7432432432432432 0.5696532865902325 0.4 0.7078553348779678
185 0.7364864864864865 0.5735887842135386 0.475 0.6672845900058746
186 0.7454954954954955 0.5708773589885987 0.425 0.6952854454517364
187 0.7342342342342343 0.5727107334244359 0.425 0.707795387506485
188 0.75 0.5693698571071969 0.4 0.6907663583755493
189 0.7432432432432432 0.5706148528837943 0.4 0.6933801710605622
190 0.7319819819819819 0.573279070424604 0.4 0.7076035261154174
191 0.7432432432432432 0.5717945080082696 0.45 0.6728925764560699
192 0.740990990990991 0.5708782460775461 0.425 0.7031793832778931
193 0.7454954954954955 0.5699383130481651 0.425 0.6934121012687683
194 0.7432432432432432 0.5687845478186736 0.5 0.667483651638031
195 0.740990990990991 0.574642893430349 0.325 0.722674959897995
196 0.7342342342342343 0.5733205308248331 0.525 0.6504511833190918
197 0.75 0.5687584372254105 0.4 0.7039178907871246
198 0.7454954954954955 0.5674117816998078 0.4 0.7094485014677048
199 0.7364864864864865 0.5742704701853228 0.375 0.6996753633022308
