0 0.5122549019607843 0.6936085820198059 0.5555555555555556 0.6925109426180521
1 0.5049019607843137 0.6932532238025292 0.4722222222222222 0.6936712066332499
2 0.5122549019607843 0.693267904660281 0.6111111111111112 0.6917992962731255
3 0.5 0.6933064034172133 0.5 0.6931970251931084
4 0.5171568627450981 0.6928670879672555 0.6388888888888888 0.6908704903390672
5 0.5269607843137255 0.6925103588431489 0.5277777777777778 0.69258095158471
6 0.5171568627450981 0.6930257198857326 0.4722222222222222 0.6933900713920593
7 0.5367647058823529 0.6924920935256809 0.3333333333333333 0.6941162082884047
8 0.5563725490196079 0.6918785303246742 0.4722222222222222 0.6923904087808397
9 0.5759803921568627 0.6905959786153307 0.5 0.6941451695230272
10 0.5392156862745098 0.6897371761939105 0.4722222222222222 0.6936403446727328
11 0.5637254901960784 0.689407256304049 0.5555555555555556 0.6889833940400018
12 0.5563725490196079 0.6885892141099069 0.4444444444444444 0.6907167037328085
13 0.6151960784313726 0.6849192784113043 0.5277777777777778 0.6940509412023756
14 0.6151960784313726 0.6833562325028812 0.5 0.6863990492290921
15 0.6151960784313726 0.6799246288982093 0.4444444444444444 0.7039571669366624
16 0.6029411764705882 0.6778281225877649 0.5555555555555556 0.6855476564831204
17 0.6151960784313726 0.676658604074927 0.4722222222222222 0.6995092696613736
18 0.6225490196078431 0.6736865926022623 0.5555555555555556 0.6843609611193339
19 0.6274509803921569 0.6675339142481486 0.6111111111111112 0.6733072201410929
20 0.6274509803921569 0.6653425658450407 0.6388888888888888 0.667355908287896
21 0.6495098039215687 0.6586200425437853 0.4722222222222222 0.7187873323758444
22 0.6176470588235294 0.660794806246664 0.5833333333333334 0.6645172503259447
23 0.6348039215686274 0.6560722636241539 0.5 0.6946572330262926
24 0.6348039215686274 0.6524596956430697 0.5833333333333334 0.6847019063101875
25 0.6642156862745098 0.6465771957939747 0.5 0.6837485300170051
26 0.6642156862745098 0.6459503539052665 0.6388888888888888 0.6509318417972989
27 0.6274509803921569 0.6449700021276287 0.4722222222222222 0.7422505617141724
28 0.6593137254901961 0.6389518631439582 0.6111111111111112 0.6504262420866225
29 0.6568627450980392 0.6347328345565235 0.5277777777777778 0.6741556194093492
30 0.6764705882352942 0.6354008994850457 0.5833333333333334 0.6701626380284628
31 0.678921568627451 0.6322574998233833 0.6111111111111112 0.6747408906618754
32 0.6887254901960784 0.6296544817148471 0.5555555555555556 0.6783088644345602
33 0.6740196078431373 0.6281004285111147 0.5277777777777778 0.7056991391711764
34 0.696078431372549 0.6244048005809971 0.5555555555555556 0.6825751761595408
35 0.7205882352941176 0.620416624288933 0.5833333333333334 0.6855961812867059
36 0.7034313725490197 0.6211083677469516 0.6388888888888888 0.6412560509310828
37 0.6985294117647058 0.6208736519603169 0.5 0.7103270093599955
38 0.6936274509803921 0.6195612774760115 0.6666666666666666 0.6255095832877688
39 0.7009803921568627 0.6189409614193673 0.6111111111111112 0.6785823437902663
40 0.7181372549019608 0.6115187412383509 0.5555555555555556 0.6971646481090121
41 0.7058823529411765 0.6125539085444283 0.5555555555555556 0.6892293956544664
42 0.6985294117647058 0.6127409230844647 0.4722222222222222 0.7262259854210747
43 0.7279411764705882 0.6074109016095891 0.6388888888888888 0.6343775325351291
44 0.7181372549019608 0.6097029283934948 0.5833333333333334 0.6899191704061296
45 0.7107843137254902 0.6083339446899938 0.5277777777777778 0.7107783688439263
46 0.7205882352941176 0.6039966473392412 0.5833333333333334 0.6428131527370877
47 0.696078431372549 0.6059934981897765 0.5277777777777778 0.7227725916438632
48 0.7254901960784313 0.6016552030455833 0.6111111111111112 0.6489559511343638
49 0.7328431372549019 0.6003171252269371 0.5833333333333334 0.7155133552021451
50 0.7034313725490197 0.6057697958221623 0.6666666666666666 0.6631913781166077
51 0.7279411764705882 0.5979460004497977 0.5555555555555556 0.6896536615159776
52 0.7083333333333334 0.5995711006370246 0.5277777777777778 0.716792063580619
53 0.7205882352941176 0.595814549163276 0.5833333333333334 0.6944420536359152
54 0.7132352941176471 0.5999554188228121 0.5833333333333334 0.6849223309093051
55 0.75 0.5935954907361198 0.6666666666666666 0.6379919317033556
56 0.7426470588235294 0.5914257361608393 0.5277777777777778 0.6976300610436333
57 0.7279411764705882 0.5967959448987362 0.5833333333333334 0.6588636140028635
58 0.7401960784313726 0.5879257636911729 0.6388888888888888 0.6847859190569984
59 0.75 0.585863280822249 0.5833333333333334 0.6950120197402107
60 0.7156862745098039 0.5954476454678703 0.5833333333333334 0.7294833130306668
61 0.7426470588235294 0.5872032969605689 0.6111111111111112 0.6182685958014594
62 0.7156862745098039 0.5912323044795617 0.5277777777777778 0.7292824586232504
63 0.7426470588235294 0.5868381565692378 0.5277777777777778 0.7365354630682204
64 0.7524509803921569 0.5853674931853425 0.6944444444444444 0.6345395313368903
65 0.7524509803921569 0.5823673649745829 0.4722222222222222 0.7222189638349745
66 0.7377450980392157 0.5847300925091201 0.6944444444444444 0.609348432885276
67 0.75 0.5802632330679426 0.5555555555555556 0.689627660645379
68 0.7426470588235294 0.5828113500394073 0.5555555555555556 0.6820185747411516
69 0.7450980392156863 0.5844817447896097 0.5277777777777778 0.7133336928155687
70 0.7107843137254902 0.5862575144160027 0.5555555555555556 0.6554705103238424
71 0.7549019607843137 0.5776773168175828 0.5833333333333334 0.7060392830106947
72 0.7598039215686274 0.5783002835278418 0.6388888888888888 0.6389610767364502
73 0.75 0.5763696043514738 0.6111111111111112 0.6973319914605882
74 0.75 0.5793086839657203 0.5555555555555556 0.6712795860237546
75 0.7450980392156863 0.578624768000023 0.6666666666666666 0.6577357318666246
76 0.7524509803921569 0.5720715347458335 0.6111111111111112 0.6944959527916379
77 0.7475490196078431 0.5795711302289775 0.5 0.7252542641427782
78 0.7524509803921569 0.5748939744982065 0.6111111111111112 0.6934113535616133
79 0.7647058823529411 0.5733992866441315 0.6944444444444444 0.659819977151023
80 0.7573529411764706 0.5759085890124825 0.6111111111111112 0.6970315708054436
81 0.7647058823529411 0.5735209394319385 0.5555555555555556 0.6879781815740798
82 0.7647058823529411 0.5726988864879982 0.6666666666666666 0.6588827470938364
83 0.75 0.5715210727032494 0.4722222222222222 0.7385803527302213
84 0.7622549019607843 0.5727925402861015 0.6388888888888888 0.6128508283032311
85 0.7622549019607843 0.5697280916513181 0.6666666666666666 0.6249227755599551
86 0.75 0.5738058583993538 0.6111111111111112 0.7224495344691806
87 0.7745098039215687 0.5663450480091805 0.6944444444444444 0.6599197586377462
88 0.75 0.5677347644871357 0.5833333333333334 0.6875819034046597
89 0.7622549019607843 0.5698855624479406 0.5833333333333334 0.7202280329333411
90 0.7720588235294118 0.5667454483462315 0.6111111111111112 0.6515352858437432
91 0.7573529411764706 0.5715595629869723 0.6388888888888888 0.6640675167242686
92 0.7671568627450981 0.5638544372483796 0.5277777777777778 0.7207547889815437
93 0.7647058823529411 0.5653696764333576 0.6666666666666666 0.6737472216288248
94 0.7745098039215687 0.5685034601711759 0.6388888888888888 0.6689910027715895
95 0.7622549019607843 0.5695262863939884 0.6666666666666666 0.6522115270296732
96 0.7696078431372549 0.5635900219865874 0.6111111111111112 0.7021370265218947
97 0.7769607843137255 0.5631124958688137 0.6388888888888888 0.6721108688248528
98 0.7598039215686274 0.5677620052706962 0.5833333333333334 0.6973477800687155
99 0.7818627450980392 0.5597241757547154 0.6666666666666666 0.6796771254804399
100 0.7573529411764706 0.5704278680039387 0.6111111111111112 0.6728031072351668
101 0.7794117647058824 0.5616870157274545 0.7222222222222222 0.6193617781003317
102 0.7671568627450981 0.5598464184531978 0.5277777777777778 0.7499749130672879
103 0.7647058823529411 0.5662132305841819 0.7222222222222222 0.6175240841176775
104 0.7598039215686274 0.5623535075608421 0.6111111111111112 0.6748306552569071
105 0.7647058823529411 0.5633336510144028 0.6944444444444444 0.6608506739139557
106 0.7769607843137255 0.5596463315042794 0.6111111111111112 0.6918131974008348
107 0.7794117647058824 0.5593640149808398 0.6111111111111112 0.6531622144911025
108 0.7843137254901961 0.55724237946903 0.5833333333333334 0.6660242643621233
109 0.7598039215686274 0.5624964181699005 0.5833333333333334 0.7285821636517843
110 0.7769607843137255 0.5592959707274157 0.6666666666666666 0.6299855609734853
111 0.7720588235294118 0.5624101518415937 0.6666666666666666 0.6735946834087372
112 0.7794117647058824 0.5593750327825546 0.6666666666666666 0.6618568268087175
113 0.7745098039215687 0.5619598822850808 0.5833333333333334 0.7284418212042915
114 0.7990196078431373 0.5524843641940285 0.75 0.5941105882326762
115 0.7720588235294118 0.5592694522119036 0.5833333333333334 0.7231964071591696
116 0.7818627450980392 0.5578323924073986 0.5555555555555556 0.67048489385181
117 0.7696078431372549 0.557762421521486 0.6666666666666666 0.647392965025372
118 0.7769607843137255 0.5600824271347008 0.6388888888888888 0.6524772246678671
119 0.7843137254901961 0.556238696271298 0.6944444444444444 0.6650885045528412
120 0.7818627450980392 0.5533432168703453 0.6111111111111112 0.6991599765088823
121 0.7745098039215687 0.5608190149068832 0.6944444444444444 0.6272828280925751
122 0.7622549019607843 0.5584858503996157 0.6388888888888888 0.6391884982585907
123 0.7916666666666666 0.5485028788155201 0.6944444444444444 0.6327930920653873
124 0.7794117647058824 0.5571259435485391 0.5833333333333334 0.7256327271461487
125 0.7720588235294118 0.5584102547636219 0.6944444444444444 0.6450110342767503
126 0.7794117647058824 0.5569508549045113 0.6111111111111112 0.7014649146132999
127 0.7892156862745098 0.5519885926270017 0.5555555555555556 0.7113605671458774
128 0.7818627450980392 0.5538945051969266 0.6944444444444444 0.6685629023445977
129 0.7794117647058824 0.5583667883685991 0.6944444444444444 0.6283256842030419
130 0.7769607843137255 0.5517947425444921 0.5555555555555556 0.7644531793064542
131 0.7818627450980392 0.5523379938859566 0.6666666666666666 0.5979381269878812
132 0.7794117647058824 0.5541044283731311 0.6666666666666666 0.6761641369925605
133 0.7769607843137255 0.5569919777267119 0.6111111111111112 0.6758580207824707
134 0.7867647058823529 0.5530454370321012 0.6111111111111112 0.6956087218390571
135 0.7818627450980392 0.551870395155514 0.6666666666666666 0.6738389597998725
136 0.7794117647058824 0.5558982272358501 0.6666666666666666 0.6551548904842801
137 0.7867647058823529 0.548606303392672 0.6388888888888888 0.6715511017375522
138 0.7769607843137255 0.5574089119247362 0.6388888888888888 0.657691650920444
139 0.7916666666666666 0.5491103629271189 0.6388888888888888 0.6967960463629829
140 0.7818627450980392 0.5544141411196952 0.6388888888888888 0.6670275198088752
141 0.7769607843137255 0.5513585542931276 0.6388888888888888 0.6929755939377679
142 0.7892156862745098 0.5523448367329205 0.6388888888888888 0.6753618551625146
143 0.7818627450980392 0.5524435154363221 0.7222222222222222 0.5951809651321835
144 0.7892156862745098 0.5499257153155757 0.6666666666666666 0.6839837465021346
145 0.7745098039215687 0.555362156793183 0.5833333333333334 0.7213539481163025
146 0.7769607843137255 0.5478013861997455 0.6111111111111112 0.6893246173858643
147 0.7867647058823529 0.5523354551371407 0.7222222222222222 0.6130206982294718
148 0.7769607843137255 0.5528044320789038 0.6666666666666666 0.6530251801013947
149 0.7867647058823529 0.5473709398624944 0.5555555555555556 0.729427609178755
150 0.7794117647058824 0.5542472145136665 0.7222222222222222 0.6202937066555023
151 0.7818627450980392 0.5517951659127778 0.7222222222222222 0.6474534306261275
152 0.7867647058823529 0.5482401505989187 0.5277777777777778 0.7434250977304246
153 0.7818627450980392 0.5507880496043785 0.6944444444444444 0.6548964513672723
154 0.7867647058823529 0.5512145111958185 0.6666666666666666 0.6490193605422974
155 0.7818627450980392 0.5527015860174217 0.6111111111111112 0.6983803179528978
156 0.7867647058823529 0.5451899638362959 0.6666666666666666 0.6514584455225203
157 0.7892156862745098 0.548195459094702 0.6666666666666666 0.639183458354738
158 0.7696078431372549 0.5545702862973306 0.5555555555555556 0.7468117045031654
159 0.7941176470588235 0.5465262754290712 0.75 0.5985169178909726
160 0.7794117647058824 0.5505497499423868 0.6111111111111112 0.7073919243282742
161 0.7843137254901961 0.5489706543146395 0.6388888888888888 0.6564519769615598
162 0.7794117647058824 0.5537894762614194 0.6388888888888888 0.6987549132770963
163 0.7892156862745098 0.5447647480988035 0.6111111111111112 0.6810741954379611
164 0.7769607843137255 0.5508117924133936 0.5833333333333334 0.7025871806674533
165 0.7867647058823529 0.547764358275077 0.6944444444444444 0.6237046553028954
166 0.7892156862745098 0.5495072156190872 0.6388888888888888 0.6910160250133939
167 0.7843137254901961 0.5473832350735571 0.7222222222222222 0.6301226682133145
168 0.7818627450980392 0.5485916459092907 0.5833333333333334 0.6915514866511027
169 0.7818627450980392 0.5467270446174285 0.75 0.6024140814940134
170 0.7818627450980392 0.5498600698569241 0.6388888888888888 0.694191273715761
171 0.7818627450980392 0.5513138893772574 0.5833333333333334 0.6984598504172431
172 0.7843137254901961 0.546155764483938 0.6388888888888888 0.6956376201576657
173 0.7818627450980392 0.5500936037769505 0.7222222222222222 0.6309713555706872
174 0.7818627450980392 0.548636356697363 0.6388888888888888 0.6573974821302626
175 0.7892156862745098 0.5447372899335974 0.6388888888888888 0.6604011654853821
176 0.7818627450980392 0.5519356929204043 0.6944444444444444 0.6508191757731967
177 0.7916666666666666 0.543280174334844 0.5833333333333334 0.7171496484014723
178 0.7818627450980392 0.5492301980654398 0.6666666666666666 0.6589635279443529
179 0.7818627450980392 0.5505423081271789 0.6666666666666666 0.6621260146299998
180 0.7794117647058824 0.5473747682922027 0.6666666666666666 0.6456384062767029
181 0.7990196078431373 0.5441903539148032 0.6111111111111112 0.7075258062945472
182 0.7843137254901961 0.5487913854566275 0.6944444444444444 0.6263646648989784
183 0.7892156862745098 0.5448371154420516 0.5833333333333334 0.7392381562127007
184 0.7794117647058824 0.5507230828790104 0.7222222222222222 0.5987285342481401
185 0.7941176470588235 0.5444390680275711 0.7222222222222222 0.6238114999400245
186 0.7745098039215687 0.5513220528761545 0.5277777777777778 0.7213179601563348
187 0.7867647058823529 0.5451704149737078 0.6666666666666666 0.6658043695820702
188 0.7818627450980392 0.5476705893581989 0.6666666666666666 0.6519502169556088
189 0.7867647058823529 0.5440683186638589 0.6666666666666666 0.6779460840755038
190 0.7818627450980392 0.5491039311768962 0.6111111111111112 0.6894289718733894
191 0.7867647058823529 0.5458918389152078 0.6388888888888888 0.665780656867557
192 0.7843137254901961 0.5484787853909474 0.6388888888888888 0.7139950195948283
193 0.7892156862745098 0.544229123230074 0.6944444444444444 0.619772732257843
194 0.7892156862745098 0.5457905954590031 0.6666666666666666 0.656003067890803
195 0.7843137254901961 0.547452259589644 0.6111111111111112 0.7017194098896451
196 0.7867647058823529 0.5450218901330349 0.5833333333333334 0.7225461602210999
197 0.7794117647058824 0.5488770583681032 0.75 0.6158683200677236
198 0.7843137254901961 0.5480452136081808 0.6388888888888888 0.6536211371421814
199 0.7867647058823529 0.5450771976919735 0.6111111111111112 0.6918913424015045
