0 0.5190476190476191 0.6933808468637013 0.5 0.6935744086901346
1 0.5238095238095238 0.6929135878880819 0.5833333333333334 0.6904505491256714
2 0.5261904761904762 0.6926905609312511 0.5277777777777778 0.6927286055352952
3 0.5214285714285715 0.6926095167795817 0.6111111111111112 0.6891671882735358
4 0.5261904761904762 0.6925898989041647 0.5 0.6936689681477017
5 0.5214285714285715 0.692447254771278 0.5555555555555556 0.6917898390028212
6 0.5261904761904762 0.691995910803477 0.5 0.694364587465922
7 0.5261904761904762 0.6917780229023525 0.5 0.6939628256691827
8 0.5214285714285715 0.6917310402506873 0.5833333333333334 0.688884456952413
9 0.5214285714285715 0.6911590911093213 0.5555555555555556 0.692685047785441
10 0.5380952380952381 0.6918020078114101 0.5555555555555556 0.6905152996381124
11 0.5261904761904762 0.6913254465375628 0.6388888888888888 0.6843193372090658
12 0.5404761904761904 0.6902678376152402 0.5277777777777778 0.6920189062754313
13 0.5285714285714286 0.6903815422739301 0.3888888888888889 0.693419701523251
14 0.5261904761904762 0.6884685607183547 0.5277777777777778 0.6860328449143304
15 0.5761904761904761 0.687736507824489 0.5833333333333334 0.6856097711457146
16 0.5428571428571428 0.6862807063829331 0.4166666666666667 0.6942313777075874
17 0.5880952380952381 0.6823920494034177 0.5 0.6866099172168307
18 0.5928571428571429 0.6814595546041217 0.6388888888888888 0.6836158633232117
19 0.6095238095238096 0.6780299254826136 0.6388888888888888 0.6850432687335544
20 0.611904761904762 0.6766168497857593 0.6388888888888888 0.6908403370115492
21 0.6309523809523809 0.6720150697798956 0.5277777777777778 0.674920552306705
22 0.6523809523809524 0.6658612870034717 0.5555555555555556 0.6848424606853061
23 0.6476190476190476 0.661848132950919 0.4444444444444444 0.7073438233799405
24 0.6357142857142857 0.6608197450637817 0.6944444444444444 0.6798371142811246
25 0.6547619047619048 0.6514255444208781 0.5 0.7158904804123772
26 0.6571428571428571 0.6501840503442855 0.3888888888888889 0.6836013727717929
27 0.6523809523809524 0.64769389799663 0.5555555555555556 0.7068194018469917
28 0.65 0.6422824689320156 0.6944444444444444 0.6397066513697306
29 0.6928571428571428 0.6369943246954963 0.6666666666666666 0.6920688019858466
30 0.6619047619047619 0.638645170983814 0.4444444444444444 0.6940997110472785
31 0.6642857142857143 0.6376084424200512 0.5555555555555556 0.6940741539001465
32 0.6857142857142857 0.630476937407539 0.6666666666666666 0.6675460338592529
33 0.6738095238095239 0.6289583112512316 0.6388888888888888 0.7039031651284959
34 0.6738095238095239 0.63044924225126 0.6666666666666666 0.6903945141368442
35 0.6714285714285714 0.6239223372368585 0.5833333333333334 0.6882748173342811
36 0.6833333333333333 0.6189494862442925 0.7222222222222222 0.6606631477673849
37 0.6785714285714286 0.6202673006625402 0.5833333333333334 0.7303785085678101
38 0.6714285714285714 0.6246422543412163 0.6666666666666666 0.6717838247617086
39 0.7071428571428572 0.6081769931884039 0.5 0.6827298435899947
40 0.6833333333333333 0.616845181726274 0.4444444444444444 0.7033029463556077
41 0.6642857142857143 0.6119864818595705 0.5833333333333334 0.7110163304540846
42 0.6952380952380952 0.606969586440495 0.6944444444444444 0.679830425315433
43 0.6904761904761905 0.6058459883644467 0.6111111111111112 0.7049984534581503
44 0.7047619047619048 0.6086433969792866 0.6388888888888888 0.693411346938875
45 0.6976190476190476 0.6048493314357031 0.5277777777777778 0.6879226664702097
46 0.7095238095238096 0.6067948207968757 0.7222222222222222 0.6562051375706991
47 0.6976190476190476 0.6029414233707246 0.3888888888888889 0.7649839387999641
48 0.6880952380952381 0.602441331034615 0.6944444444444444 0.6634935273064507
49 0.7119047619047619 0.5978802908034552 0.5555555555555556 0.7104108134905497
50 0.7357142857142858 0.5942540963490804 0.6666666666666666 0.6774187021785312
51 0.7095238095238096 0.5949339052041371 0.6666666666666666 0.7215020656585693
52 0.719047619047619 0.5945184236481076 0.5555555555555556 0.6835969289143881
53 0.7071428571428572 0.5946097393830617 0.6944444444444444 0.7022661434279548
54 0.7285714285714285 0.5885887228307269 0.6111111111111112 0.6846529179149203
55 0.7285714285714285 0.5895473917325338 0.6388888888888888 0.7214079101880392
56 0.7166666666666667 0.5895552061852954 0.6388888888888888 0.6930476095941331
57 0.7214285714285714 0.5886831646873838 0.6388888888888888 0.7344214850001864
58 0.7357142857142858 0.5838058006195795 0.6666666666666666 0.6801204350259569
59 0.7333333333333333 0.5885680005663917 0.6944444444444444 0.67164056830936
60 0.7309523809523809 0.5836294458025978 0.6111111111111112 0.7308228810628256
61 0.7333333333333333 0.5863795794191815 0.5277777777777778 0.7411471340391371
62 0.7357142857142858 0.58087580374309 0.6944444444444444 0.6513898703787062
63 0.7238095238095238 0.5788694682575407 0.6666666666666666 0.7124541335635715
64 0.7309523809523809 0.5808418719541459 0.6388888888888888 0.7309069765938653
65 0.7404761904761905 0.576946352777027 0.6666666666666666 0.6912416186597612
66 0.7357142857142858 0.579469717116583 0.6944444444444444 0.6802242497603098
67 0.7428571428571429 0.5766585412479582 0.5555555555555556 0.7189727094438341
68 0.7380952380952381 0.5817178141503107 0.5 0.7308088541030884
69 0.7428571428571429 0.5770519228208633 0.6666666666666666 0.6748193701108297
70 0.7357142857142858 0.5785422745205108 0.6944444444444444 0.6891915996869405
71 0.7547619047619047 0.5700867809000469 0.6388888888888888 0.7274793452686734
72 0.7476190476190476 0.5750334614799136 0.6111111111111112 0.6874618993865119
73 0.7690476190476191 0.5674779193741935 0.5277777777777778 0.7508519026968214
74 0.7523809523809524 0.5711307202066694 0.6388888888888888 0.7324729561805725
75 0.7595238095238095 0.5683106462160746 0.6111111111111112 0.6672381725576189
76 0.7595238095238095 0.5676968673865 0.6388888888888888 0.6951428651809692
77 0.7595238095238095 0.5697346105462029 0.6388888888888888 0.7372788919342889
78 0.7642857142857142 0.5662307852790469 0.6666666666666666 0.6890274484952291
79 0.7452380952380953 0.5682345049721854 0.5833333333333334 0.6833347678184509
80 0.7571428571428571 0.5674016345114935 0.6111111111111112 0.7447037299474081
81 0.7666666666666667 0.5634678440434592 0.6388888888888888 0.6672560175259908
82 0.7595238095238095 0.563915277946563 0.6388888888888888 0.6992511219448514
83 0.7785714285714286 0.561420647587095 0.6388888888888888 0.727685789267222
84 0.7547619047619047 0.5657342763174148 0.6111111111111112 0.6811582843462626
85 0.7642857142857142 0.5620546275661105 0.5277777777777778 0.7636868821250068
86 0.7595238095238095 0.559164640733174 0.6944444444444444 0.6780613197220696
87 0.7690476190476191 0.5603128106821151 0.5833333333333334 0.7460457682609558
88 0.7738095238095238 0.5588499619847253 0.7222222222222222 0.6612875892056359
89 0.7452380952380953 0.5628834820929027 0.7222222222222222 0.659491542312834
90 0.7714285714285715 0.556437410343261 0.6388888888888888 0.7167694800429874
91 0.7833333333333333 0.5570631509735471 0.6111111111111112 0.7006990412871043
92 0.7690476190476191 0.5579741966156733 0.6666666666666666 0.7142840292718675
93 0.7785714285714286 0.5539204015618279 0.6388888888888888 0.7363569935162863
94 0.7785714285714286 0.558195336943581 0.6111111111111112 0.7203181385993958
95 0.7714285714285715 0.5541034579277039 0.6388888888888888 0.718487991227044
96 0.780952380952381 0.5538423086915697 0.6666666666666666 0.6650510198540158
97 0.7738095238095238 0.5555759884062268 0.6388888888888888 0.7063481940163506
98 0.7714285714285715 0.5567184459595453 0.5555555555555556 0.7552880711025662
99 0.7761904761904762 0.5530580387229012 0.6944444444444444 0.6865260435475243
100 0.7785714285714286 0.5517254758448827 0.5555555555555556 0.7446497546301948
101 0.7904761904761904 0.5505184948444366 0.6111111111111112 0.7320301201608446
102 0.7880952380952381 0.5534866500468482 0.6388888888888888 0.7217441002527872
103 0.780952380952381 0.5494013993513016 0.7222222222222222 0.6490889191627502
104 0.7833333333333333 0.5490188127472287 0.6111111111111112 0.7068756620089213
105 0.7880952380952381 0.5499219142255329 0.6111111111111112 0.7446258664131165
106 0.7690476190476191 0.5554659440403893 0.6666666666666666 0.6533919274806976
107 0.7880952380952381 0.5479455513613565 0.5833333333333334 0.7266101373566521
108 0.780952380952381 0.5469254422755468 0.6666666666666666 0.6979213058948517
109 0.7880952380952381 0.5503674104100182 0.6388888888888888 0.6867062846819559
110 0.7880952380952381 0.5465978199527377 0.6666666666666666 0.708258718252182
111 0.8023809523809524 0.549349407071159 0.5555555555555556 0.7375081380208334
112 0.8023809523809524 0.5452185273170471 0.6388888888888888 0.7135294046666887
113 0.7952380952380952 0.5484564145406087 0.6111111111111112 0.7211780912346311
114 0.7904761904761904 0.5418846709387642 0.6666666666666666 0.6839150720172458
115 0.780952380952381 0.5516903979437692 0.6666666666666666 0.6862487395604452
116 0.7976190476190477 0.5409107145808992 0.5277777777777778 0.7694995270835029
117 0.7738095238095238 0.5465515658968971 0.5833333333333334 0.7217854327625699
118 0.7928571428571428 0.5453773464475359 0.6111111111111112 0.7377755973074172
119 0.7952380952380952 0.5447466455754779 0.6388888888888888 0.6874828603532579
120 0.7904761904761904 0.5458554872444698 0.6388888888888888 0.7246343294779459
121 0.8 0.5411571834768568 0.6111111111111112 0.7034551103909811
122 0.7833333333333333 0.5432664172989982 0.6111111111111112 0.7172713544633653
123 0.7880952380952381 0.5459532411325545 0.6111111111111112 0.7051909102333916
124 0.7833333333333333 0.5472334084056673 0.6111111111111112 0.7074943052397834
125 0.8071428571428572 0.538568552618935 0.6666666666666666 0.6733484698666466
126 0.7928571428571428 0.54210488427253 0.6666666666666666 0.6983609000841776
127 0.8 0.5422107446761358 0.5277777777777778 0.7876352137989469
128 0.7880952380952381 0.5434943204834348 0.6666666666666666 0.6814496152930789
129 0.8023809523809524 0.5401326060295105 0.6944444444444444 0.6868942909770541
130 0.7904761904761904 0.5453083038330078 0.6111111111111112 0.7009856336646609
131 0.8214285714285714 0.5349609877382006 0.6388888888888888 0.6929463413026598
132 0.7928571428571428 0.5419467585427421 0.5833333333333334 0.7456758287217882
133 0.8 0.5429984521298181 0.6111111111111112 0.7380330695046319
134 0.8071428571428572 0.5401555055663699 0.6944444444444444 0.6744629045327505
135 0.7976190476190477 0.540875483410699 0.6111111111111112 0.7098742657237582
136 0.8071428571428572 0.5378878460043952 0.5833333333333334 0.7312150994936625
137 0.7952380952380952 0.5411591632025582 0.6666666666666666 0.6949592298931546
138 0.8 0.5371199565274375 0.5555555555555556 0.7584337724579705
139 0.8023809523809524 0.5398663875602541 0.7222222222222222 0.6493224600950877
140 0.7952380952380952 0.5414976449239821 0.5833333333333334 0.7608558535575867
141 0.8047619047619048 0.535529004959833 0.6111111111111112 0.7053310407532586
142 0.8142857142857143 0.5377299649374826 0.7222222222222222 0.6691059337721931
143 0.8095238095238095 0.538390045222782 0.5833333333333334 0.7125601834721036
144 0.8047619047619048 0.5373184294927688 0.6666666666666666 0.7199651069111295
145 0.8 0.5388747516132536 0.6111111111111112 0.7098731332355075
146 0.8047619047619048 0.5392582084451403 0.5555555555555556 0.78010051118003
147 0.7952380952380952 0.5374037481489635 0.6388888888888888 0.7031565209229788
148 0.8119047619047619 0.536934137628192 0.5833333333333334 0.7176343897978464
149 0.8071428571428572 0.5324168457871392 0.6666666666666666 0.7185135020150079
150 0.7928571428571428 0.5433054452850705 0.6111111111111112 0.720033778084649
151 0.8166666666666667 0.5338103217738015 0.6388888888888888 0.6955783300929599
152 0.7976190476190477 0.5389960703395662 0.6388888888888888 0.7129970987637838
153 0.8071428571428572 0.534601822921208 0.5833333333333334 0.7530900438626608
154 0.7952380952380952 0.539762027206875 0.7222222222222222 0.6514808932940165
155 0.8166666666666667 0.5302249880064102 0.6388888888888888 0.6730226278305054
156 0.8142857142857143 0.5347024057592664 0.6111111111111112 0.7361727754275004
157 0.8023809523809524 0.53641068367731 0.6388888888888888 0.7036860055393643
158 0.8095238095238095 0.5346844287145706 0.5833333333333334 0.7508203519715203
159 0.8047619047619048 0.536538846436001 0.6944444444444444 0.6757831970850626
160 0.8142857142857143 0.5353738733700344 0.5555555555555556 0.733830087714725
161 0.8166666666666667 0.5358258857613518 0.75 0.6616917053858439
162 0.8047619047619048 0.5306077423549834 0.5555555555555556 0.7286971741252475
163 0.8071428571428572 0.5352774952139173 0.6666666666666666 0.6632183194160461
164 0.8071428571428572 0.5361412948086148 0.5833333333333334 0.7611115111245049
165 0.8142857142857143 0.5345024826980772 0.5555555555555556 0.7400008804268308
166 0.8047619047619048 0.5358990456376757 0.6944444444444444 0.6965654095013937
167 0.8047619047619048 0.5305318412326631 0.6111111111111112 0.7069673736890157
168 0.8166666666666667 0.532806236403329 0.6666666666666666 0.6887622144487169
169 0.8023809523809524 0.5408569264979589 0.6111111111111112 0.7305786742104424
170 0.8119047619047619 0.5284865711416517 0.6111111111111112 0.7117167115211487
171 0.8166666666666667 0.5327920192763919 0.6944444444444444 0.6551696293883853
172 0.819047619047619 0.5307391047477722 0.6666666666666666 0.6809971398777432
173 0.8095238095238095 0.5353347457590557 0.5833333333333334 0.750178873538971
174 0.8166666666666667 0.5322270098186674 0.6111111111111112 0.729421830839581
175 0.8119047619047619 0.5346660003775642 0.7222222222222222 0.6494771970642937
176 0.8095238095238095 0.5369993323371524 0.5833333333333334 0.7545799149407281
177 0.8166666666666667 0.5262796719868977 0.6111111111111112 0.6882159113883972
178 0.8095238095238095 0.5351819344929286 0.6111111111111112 0.7344078487820096
179 0.7976190476190477 0.5357711105119615 0.6944444444444444 0.6766776310073005
180 0.819047619047619 0.5287245554583413 0.6666666666666666 0.6780800753169589
181 0.8119047619047619 0.5339430252710978 0.6944444444444444 0.6576830214924283
182 0.8261904761904761 0.5289778970536732 0.5555555555555556 0.7514587905671861
183 0.8071428571428572 0.5351643925621397 0.5833333333333334 0.7434801260630289
184 0.8238095238095238 0.5313720836525871 0.6944444444444444 0.7002686063448588
185 0.8095238095238095 0.5320629874865214 0.6666666666666666 0.6942109531826444
186 0.8214285714285714 0.5302964045887901 0.6388888888888888 0.7090420259369744
187 0.8214285714285714 0.5327422383285704 0.5555555555555556 0.7434960669941373
188 0.8142857142857143 0.5312741881325131 0.6944444444444444 0.6640383137596978
189 0.819047619047619 0.5311393204189482 0.5277777777777778 0.7977839310963949
190 0.8071428571428572 0.5340314229329427 0.6111111111111112 0.6981238391664293
191 0.8166666666666667 0.5288581388337271 0.6388888888888888 0.6865845190154182
192 0.8166666666666667 0.53275059007463 0.6944444444444444 0.6879728535811106
193 0.8166666666666667 0.5283399354843866 0.6111111111111112 0.7498961687088013
194 0.8119047619047619 0.5331400008428664 0.6388888888888888 0.7003309594260322
195 0.8119047619047619 0.530028875385012 0.5833333333333334 0.7415216167767843
196 0.8142857142857143 0.532581170967647 0.6944444444444444 0.6424274676375918
197 0.8142857142857143 0.5300130486488343 0.6388888888888888 0.7107692791355981
198 0.8142857142857143 0.5324515876315888 0.6388888888888888 0.7108814815680186
199 0.819047619047619 0.5303217785699027 0.5277777777777778 0.7824815180566576
