0 0.5049019607843137 0.6933813322992886 0.5555555555555556 0.6926265425152249
1 0.49264705882352944 0.6932301813480901 0.4722222222222222 0.6933471494250827
2 0.5147058823529411 0.693113072830088 0.6111111111111112 0.6918525629573398
3 0.5073529411764706 0.6931548866571164 0.5 0.6930148800214132
4 0.5073529411764706 0.6930706173765893 0.6111111111111112 0.6885490285025703
5 0.5147058823529411 0.6931210020009209 0.5277777777777778 0.6921418044302199
6 0.5122549019607843 0.6930159400491154 0.4722222222222222 0.6940941545698378
7 0.5147058823529411 0.6926093370306725 0.5277777777777778 0.6920826567543877
8 0.5073529411764706 0.6928857313651665 0.7222222222222222 0.6865875058703952
9 0.5122549019607843 0.6926912980921128 0.4722222222222222 0.6943077577484978
10 0.5122549019607843 0.6927917593834447 0.4722222222222222 0.6946471002366807
11 0.5098039215686274 0.6923167763971815 0.5277777777777778 0.6929233206642998
12 0.5245098039215687 0.6923727434055478 0.6111111111111112 0.6877882877985636
13 0.5196078431372549 0.6908949590196797 0.5 0.6954026288456387
14 0.5147058823529411 0.6913637098144082 0.5 0.6941747930314806
15 0.5171568627450981 0.6896870913458806 0.5 0.6944473253356086
16 0.6078431372549019 0.6878973613767063 0.5277777777777778 0.6941913167635599
17 0.5784313725490197 0.6869860478475982 0.5833333333333334 0.6953661309348212
18 0.5808823529411765 0.6828882641652051 0.3611111111111111 0.7017363376087613
19 0.6078431372549019 0.6801790472339181 0.3888888888888889 0.7133981850412157
20 0.6004901960784313 0.6758699551516888 0.2222222222222222 0.7190710571077135
21 0.6102941176470589 0.6734001683253868 0.3888888888888889 0.7096360789404975
22 0.6299019607843137 0.6695008558385512 0.3333333333333333 0.7174721757570902
23 0.625 0.6647174124624214 0.2777777777777778 0.7206376128726535
24 0.6274509803921569 0.6621108861530528 0.3055555555555556 0.7228171295589871
25 0.6495098039215687 0.654328837114222 0.3611111111111111 0.7366631627082825
26 0.6348039215686274 0.6555590740605897 0.3611111111111111 0.7267649239963956
27 0.6593137254901961 0.6448825910395267 0.5277777777777778 0.7211703459421793
28 0.6740196078431373 0.6461591679675907 0.16666666666666666 0.7612636420461867
29 0.6519607843137255 0.6366331606518989 0.3055555555555556 0.7596681714057922
30 0.6617647058823529 0.633565164956392 0.2222222222222222 0.8030621409416199
31 0.6838235294117647 0.6257560279439477 0.25 0.777106311586168
32 0.6691176470588235 0.6278886900228613 0.19444444444444445 0.7937012910842896
33 0.6813725490196079 0.6221314543018154 0.2777777777777778 0.8008143703142802
34 0.6887254901960784 0.6215165926545274 0.3055555555555556 0.783753063943651
35 0.6838235294117647 0.6130753454624438 0.16666666666666666 0.8113289210531447
36 0.6813725490196079 0.6131002493933135 0.2222222222222222 0.8076445526546903
37 0.6862745098039216 0.6102883725189695 0.2222222222222222 0.8181354734632704
38 0.6838235294117647 0.6106822116702211 0.19444444444444445 0.83665046426985
39 0.7083333333333334 0.6042179845127404 0.2222222222222222 0.8292837474081252
40 0.7058823529411765 0.5980218654754115 0.2777777777777778 0.8512551916970147
41 0.7132352941176471 0.599313056936451 0.19444444444444445 0.8357727593845792
42 0.7083333333333334 0.596746979098694 0.3611111111111111 0.8150094946225485
43 0.7352941176470589 0.5938847196452758 0.1388888888888889 0.8968316382831998
44 0.7156862745098039 0.5925158317766938 0.25 0.8366746173964607
45 0.7230392156862745 0.588281514597874 0.25 0.8616282145182291
46 0.7205882352941176 0.5874738065051097 0.19444444444444445 0.8896864321496751
47 0.7181372549019608 0.5874522933188606 0.2777777777777778 0.8357605669233534
48 0.7352941176470589 0.5840004591965208 0.19444444444444445 0.89606906970342
49 0.7352941176470589 0.5819477716497347 0.2222222222222222 0.8738143510288663
50 0.7279411764705882 0.5812548331770242 0.25 0.8536980615721809
51 0.7450980392156863 0.57819017125111 0.16666666666666666 0.8925500313440958
52 0.7328431372549019 0.5745279301030963 0.1111111111111111 0.9432816571659512
53 0.7450980392156863 0.5745160343015895 0.2222222222222222 0.8697222073872884
54 0.7671568627450981 0.5726608394407758 0.19444444444444445 0.879617260562049
55 0.7377450980392157 0.5716001552109625 0.25 0.8725883497132195
56 0.7377450980392157 0.5717689675443313 0.1388888888888889 0.9107216927740309
57 0.7450980392156863 0.570524566898159 0.3611111111111111 0.8369853032959832
58 0.7573529411764706 0.5687570720911026 0.08333333333333333 0.9621195660697089
59 0.7524509803921569 0.5683740999768762 0.3611111111111111 0.8920671542485555
60 0.7622549019607843 0.564599775800518 0.25 0.9039219816525778
61 0.7573529411764706 0.562275943218493 0.1388888888888889 0.9656127227677239
62 0.7524509803921569 0.5679997433634365 0.2222222222222222 0.931679904460907
63 0.75 0.5639770723441068 0.19444444444444445 0.9079863958888583
64 0.7794117647058824 0.5582417591529734 0.19444444444444445 0.9062251117494371
65 0.7696078431372549 0.559208564898547 0.16666666666666666 0.9077308045493232
66 0.7647058823529411 0.5581410460027993 0.19444444444444445 0.909191906452179
67 0.7647058823529411 0.5574201865523469 0.19444444444444445 0.963330070177714
68 0.7622549019607843 0.5539205363568138 0.25 0.9038075606028239
69 0.7794117647058824 0.5545194254202002 0.2777777777777778 0.893667115105523
70 0.7794117647058824 0.5567985524733862 0.1388888888888889 0.9787821306122674
71 0.7867647058823529 0.5525963464204002 0.1388888888888889 0.9512225323253207
72 0.7720588235294118 0.5524102855546802 0.2777777777777778 0.934977822833591
73 0.7818627450980392 0.5500868038803923 0.19444444444444445 0.9117814898490906
74 0.7745098039215687 0.5508040724431768 0.1111111111111111 0.9789355595906576
75 0.7696078431372549 0.5483174134118884 0.2222222222222222 0.8946763541963365
76 0.7818627450980392 0.546148292574228 0.2222222222222222 0.9535417821672227
77 0.7941176470588235 0.5450530806008507 0.1388888888888889 0.9418755107455783
78 0.7769607843137255 0.5465278058659797 0.1111111111111111 0.9586130910449557
79 0.7892156862745098 0.5488383997889126 0.1111111111111111 1.0008772942754958
80 0.7965686274509803 0.5429036719541923 0.25 0.8988674879074097
81 0.7818627450980392 0.5418834023031533 0.1111111111111111 0.9830653866132101
82 0.7892156862745098 0.5454786037113152 0.2222222222222222 0.9449208378791809
83 0.7867647058823529 0.5391046431134728 0.2222222222222222 0.9337169792917039
84 0.7867647058823529 0.5416897611290801 0.1111111111111111 0.964577873547872
85 0.7941176470588235 0.5449578177695181 0.1111111111111111 0.9844717184702555
86 0.7990196078431373 0.536005909536399 0.2777777777777778 0.9322152137756348
87 0.7892156862745098 0.540299299008706 0.19444444444444445 0.9558520118395487
88 0.7843137254901961 0.5385628380611831 0.1111111111111111 1.0048381553755865
89 0.7916666666666666 0.5364504804213842 0.25 0.904768188794454
90 0.7916666666666666 0.5357642606192944 0.08333333333333333 1.0100132094489203
91 0.7965686274509803 0.5369845476804995 0.2222222222222222 0.9646083248986138
92 0.7892156862745098 0.5380776238207724 0.08333333333333333 1.0043901801109314
93 0.7941176470588235 0.5365444973987692 0.16666666666666666 0.9377103977733188
94 0.7990196078431373 0.5324675318072823 0.1388888888888889 0.9961506128311157
95 0.7990196078431373 0.5343987637875127 0.16666666666666666 0.9341185225380791
96 0.8063725490196079 0.5312219598129684 0.19444444444444445 0.9836443662643433
97 0.7965686274509803 0.5341751052468431 0.19444444444444445 0.9240520596504211
98 0.7941176470588235 0.532968559978055 0.1388888888888889 0.9769126375516256
99 0.7990196078431373 0.5313776731491089 0.1111111111111111 1.0376841690805223
100 0.7990196078431373 0.5312896283233867 0.19444444444444445 0.949393610159556
101 0.7990196078431373 0.5313686471359402 0.1388888888888889 0.9856568177541097
102 0.8112745098039216 0.5299096127935484 0.1388888888888889 0.9817341036266751
103 0.7990196078431373 0.5272249363216699 0.2222222222222222 0.9467962980270386
104 0.8063725490196079 0.5311207330110026 0.1111111111111111 0.9573577377531264
105 0.8112745098039216 0.5258586584937339 0.1388888888888889 1.024734338124593
106 0.7892156862745098 0.5311280918471953 0.1388888888888889 0.9751483533117506
107 0.8014705882352942 0.5259252266556609 0.2222222222222222 0.9427488711145189
108 0.8014705882352942 0.5276164345297158 0.16666666666666666 0.9634158545070224
109 0.8137254901960784 0.5250481177194446 0.19444444444444445 0.9833776884608798
110 0.7965686274509803 0.5283327698707581 0.1388888888888889 0.9854495856497023
111 0.8088235294117647 0.5272212519365198 0.1388888888888889 0.9816044767697653
112 0.803921568627451 0.5228146186061934 0.2222222222222222 0.942086312505934
113 0.8112745098039216 0.5251699253624561 0.19444444444444445 0.9864234659406874
114 0.803921568627451 0.5230058910799962 0.1111111111111111 0.9870664344893562
115 0.803921568627451 0.5261353993532705 0.16666666666666666 1.0168863932291667
116 0.8112745098039216 0.5251857498112846 0.19444444444444445 0.9770650664965311
117 0.8112745098039216 0.5208245612242642 0.1388888888888889 0.9738602042198181
118 0.8112745098039216 0.5218407891544641 0.19444444444444445 0.9776394698354933
119 0.8088235294117647 0.524327253594118 0.1388888888888889 0.9960263172785441
120 0.8088235294117647 0.5258154594430736 0.1111111111111111 1.025937431388431
121 0.821078431372549 0.5192305416453118 0.19444444444444445 0.9386326339509752
122 0.8284313725490197 0.5192369491446251 0.16666666666666666 0.9989722967147827
123 0.8137254901960784 0.5214714378702874 0.1111111111111111 0.9873821801609464
124 0.8161764705882353 0.5169917891422907 0.16666666666666666 1.003187550438775
125 0.8161764705882353 0.5225017809984731 0.16666666666666666 0.9737385842535231
126 0.8137254901960784 0.5209603312553144 0.1388888888888889 0.9960474107000563
127 0.8186274509803921 0.5175673321766012 0.1388888888888889 1.0157808065414429
128 0.8161764705882353 0.5230432567643184 0.19444444444444445 0.9583617581261529
129 0.8186274509803921 0.5179716877493203 0.1111111111111111 0.9921784136030409
130 0.821078431372549 0.5194383631734287 0.1111111111111111 0.9894850187831454
131 0.8259803921568627 0.5158982376257578 0.1388888888888889 0.9984619352552626
132 0.8161764705882353 0.5192406420029846 0.1388888888888889 1.0033204555511475
133 0.8186274509803921 0.51608127793845 0.1111111111111111 1.0176284843020968
134 0.8235294117647058 0.5166909770638335 0.19444444444444445 0.9711562858687507
135 0.8235294117647058 0.515794385005446 0.2222222222222222 0.9445608258247375
136 0.821078431372549 0.5186533638659645 0.1388888888888889 1.0088969998889499
137 0.821078431372549 0.5182429595905191 0.1111111111111111 0.988435791598426
138 0.821078431372549 0.5160183217011246 0.1111111111111111 0.99205658170912
139 0.8284313725490197 0.5143103608313728 0.1388888888888889 0.9885565439860026
140 0.8259803921568627 0.5164888603430168 0.1111111111111111 0.9947675466537476
141 0.8357843137254902 0.514389665979965 0.1111111111111111 1.0196797516610887
142 0.8161764705882353 0.5169213297320348 0.16666666666666666 0.9993695153130425
143 0.8259803921568627 0.5149183118460225 0.1388888888888889 0.9554024471176995
144 0.8308823529411765 0.5120060984410492 0.1111111111111111 1.0185767478413053
145 0.8137254901960784 0.5127475130207398 0.16666666666666666 0.9629356927341886
146 0.8112745098039216 0.5181256389501048 0.08333333333333333 1.0398538708686829
147 0.8382352941176471 0.5096357307013344 0.1388888888888889 1.011983507209354
148 0.8186274509803921 0.5135843224969565 0.16666666666666666 0.9856466054916382
149 0.8357843137254902 0.5151731176119224 0.16666666666666666 0.9687778088781569
150 0.8235294117647058 0.5125160772426456 0.08333333333333333 1.0256143278545804
151 0.8235294117647058 0.5138548989506329 0.1111111111111111 0.9966789219114516
152 0.8259803921568627 0.5128346535505033 0.1388888888888889 0.9997938871383667
153 0.8284313725490197 0.5167210464384041 0.19444444444444445 0.9775642090373569
154 0.8308823529411765 0.5131171883321276 0.16666666666666666 0.9678994086053636
155 0.8284313725490197 0.5072429145083708 0.08333333333333333 1.038320951991611
156 0.8186274509803921 0.5147320584339254 0.1111111111111111 1.0072514679696825
157 0.8333333333333334 0.5134723151431364 0.19444444444444445 0.9700128436088562
158 0.8333333333333334 0.5093107305321039 0.1111111111111111 1.0059883991877239
159 0.8259803921568627 0.51302270591259 0.1388888888888889 0.9805273214975992
160 0.821078431372549 0.5113952265066259 0.1111111111111111 0.9940110709932115
161 0.8284313725490197 0.513559072041044 0.16666666666666666 1.0111125707626343
162 0.8333333333333334 0.5117208320720523 0.16666666666666666 0.9594198730256822
163 0.8455882352941176 0.5078585355305204 0.08333333333333333 1.0509063336584303
164 0.8235294117647058 0.5152396375642103 0.19444444444444445 0.9442033171653748
165 0.8259803921568627 0.5133532084086362 0.1388888888888889 1.0231230523851182
166 0.8333333333333334 0.5093031437957988 0.1388888888888889 1.014829198519389
167 0.8333333333333334 0.5085432678461075 0.1388888888888889 0.9748778806792365
168 0.8382352941176471 0.5128264672615949 0.16666666666666666 0.9787328574392531
169 0.8357843137254902 0.5116331761374193 0.05555555555555555 1.0480656094021268
170 0.8382352941176471 0.510893185933431 0.16666666666666666 0.9939648972617255
171 0.8284313725490197 0.5073753212596855 0.1388888888888889 1.0141997072431777
172 0.8308823529411765 0.5111091148619559 0.1111111111111111 0.9787304732534621
173 0.8308823529411765 0.5097391681343901 0.16666666666666666 0.9845174815919664
174 0.8357843137254902 0.51058957185231 0.16666666666666666 0.9896684421433343
175 0.8259803921568627 0.508611265058611 0.05555555555555555 1.0378570821550157
176 0.8284313725490197 0.5098885522753585 0.16666666666666666 1.005865176518758
177 0.8382352941176471 0.5083677698584164 0.1388888888888889 0.9882935947842069
178 0.8357843137254902 0.5094779750295714 0.1111111111111111 1.0034861034817166
179 0.8357843137254902 0.5091702280675664 0.16666666666666666 0.9934316409958733
180 0.8382352941176471 0.5085514599786085 0.1388888888888889 0.9958814183870951
181 0.8308823529411765 0.5105357704793706 0.1388888888888889 0.9828114443355136
182 0.8357843137254902 0.5091139732622633 0.1111111111111111 1.0193901989195082
183 0.8308823529411765 0.5124860885096532 0.08333333333333333 1.0470299190945096
184 0.8406862745098039 0.5047479204687417 0.1388888888888889 0.9854208959473504
185 0.8333333333333334 0.5101143784967124 0.16666666666666666 0.9730107453134325
186 0.8357843137254902 0.508705235287255 0.1111111111111111 1.0178244180149503
187 0.8333333333333334 0.5097413513005948 0.1388888888888889 1.0291157960891724
188 0.8357843137254902 0.5095742187079262 0.1111111111111111 1.012557864189148
189 0.8431372549019608 0.5045047200777951 0.1388888888888889 0.9768213762177361
190 0.8382352941176471 0.5089874799345054 0.16666666666666666 0.9982330335511101
191 0.8333333333333334 0.5076885144500172 0.08333333333333333 1.0207911001311407
192 0.8455882352941176 0.505955192972632 0.19444444444444445 0.9696790046162076
193 0.8333333333333334 0.5091465057111254 0.1388888888888889 1.0018534262975056
194 0.8333333333333334 0.5119273577835045 0.16666666666666666 0.9749228755633036
195 0.8431372549019608 0.5057051149653453 0.08333333333333333 1.0332068999608357
196 0.8357843137254902 0.5075425201771306 0.1111111111111111 1.0134576625294156
197 0.8406862745098039 0.5081114730998582 0.1388888888888889 1.0186937120225694
198 0.8308823529411765 0.5112072466050878 0.1111111111111111 1.023815353711446
199 0.8382352941176471 0.5067392824327245 0.19444444444444445 0.9607474870151944
