0 0.5034246575342466 0.6907968515674817 0.5952380952380952 0.6555649184045338
1 0.7214611872146118 0.6051520190826835 0.7380952380952381 0.6310003059250968
2 0.8047945205479452 0.5631195116260824 0.7857142857142857 0.5948466672783806
3 0.8116438356164384 0.5521574966167206 0.7857142857142857 0.6057241502262297
4 0.8230593607305936 0.5464319978674798 0.7619047619047619 0.6021500201452346
5 0.8310502283105022 0.5312770681294132 0.75 0.5900257272379739
6 0.8242009132420092 0.5231242800412113 0.7738095238095238 0.5705361337888808
7 0.8264840182648402 0.51932887263494 0.7023809523809523 0.5832909374009996
8 0.8276255707762558 0.5161572369538485 0.7976190476190477 0.5631585703009651
9 0.8550228310502284 0.5105046780958568 0.8690476190476191 0.5566859685239338
10 0.8401826484018264 0.5094002196777901 0.8333333333333334 0.5559137690634954
11 0.8493150684931506 0.5052119072985976 0.7857142857142857 0.5676554853007907
12 0.8527397260273972 0.5025178971083741 0.7857142857142857 0.5538987446398962
13 0.8584474885844748 0.4998495976130168 0.7857142857142857 0.561929831902186
14 0.8527397260273972 0.49456942612177707 0.7976190476190477 0.5427401037443251
15 0.8595890410958904 0.4898965263475566 0.6785714285714286 0.593822887965611
16 0.8561643835616438 0.48960851738442024 0.7857142857142857 0.5589108580634707
17 0.860730593607306 0.48765164273514594 0.8214285714285714 0.5422741529487428
18 0.863013698630137 0.4807818801435706 0.8214285714285714 0.5436341294220516
19 0.8687214611872146 0.47868342935766806 0.8095238095238095 0.5308850819156283
20 0.884703196347032 0.4732481756983282 0.8214285714285714 0.5553183243388221
21 0.8767123287671232 0.4699266472635748 0.8095238095238095 0.5310637553532919
22 0.886986301369863 0.4644107905697061 0.7857142857142857 0.5311226717063359
23 0.8789954337899544 0.4649503459669139 0.8214285714285714 0.5195967327980768
24 0.889269406392694 0.459875969718036 0.8571428571428571 0.5078040815535045
25 0.882420091324201 0.4575181910980782 0.8214285714285714 0.5127490432489485
26 0.8984018264840182 0.4536229883699112 0.8571428571428571 0.5118249498662495
27 0.8972602739726028 0.4514705669390012 0.8452380952380952 0.5117876728375753
28 0.8961187214611872 0.45210658401659093 0.9047619047619048 0.49392174397196087
29 0.8961187214611872 0.44888889122771347 0.8333333333333334 0.5282328880968548
30 0.9041095890410958 0.4461014140142153 0.8809523809523809 0.4858110249042511
31 0.9029680365296804 0.44210354459884504 0.8214285714285714 0.5082473314943767
32 0.8995433789954338 0.44286470992924415 0.8928571428571429 0.48452571744010564
33 0.9029680365296804 0.4432999844148279 0.8809523809523809 0.4893861526534671
34 0.9006849315068494 0.44162109888851914 0.8690476190476191 0.5047564038208553
35 0.9041095890410958 0.4350355381834997 0.8452380952380952 0.4885771260375068
36 0.9006849315068494 0.4381450884146233 0.8809523809523809 0.4870122614360991
37 0.906392694063927 0.43234233564982133 0.8452380952380952 0.5057500700155894
38 0.9121004566210046 0.43344231895660157 0.8809523809523809 0.48848343179339454
39 0.906392694063927 0.4318513625288663 0.8214285714285714 0.4999417747770037
40 0.906392694063927 0.4302190867461026 0.9047619047619048 0.4521412906192598
41 0.9155251141552512 0.4287815854701822 0.8571428571428571 0.48749021831012906
42 0.9143835616438356 0.42837148183556994 0.8333333333333334 0.4891553946903774
43 0.9166666666666666 0.4264738419556727 0.8928571428571429 0.47446487347284955
44 0.910958904109589 0.4247414232933358 0.8809523809523809 0.46579089476948693
45 0.9200913242009132 0.42324844519841615 0.8809523809523809 0.48093754053115845
46 0.9143835616438356 0.4227241002805701 0.8809523809523809 0.45948920647303265
47 0.9189497716894978 0.42156929594196685 0.8809523809523809 0.4622158308823903
48 0.9200913242009132 0.4206830068538178 0.8928571428571429 0.46718534401484896
49 0.9189497716894978 0.4202385320238871 0.8333333333333334 0.47649641973631723
