0 0.8582766439909297 0.4721251585586271 0.9285714285714286 0.43433747192223865
1 0.8594104308390023 0.46207562095724264 0.9047619047619048 0.44531293781030745
2 0.8775510204081632 0.4545005721434985 0.8928571428571429 0.4226650922071366
3 0.8662131519274376 0.4528310567883948 0.9047619047619048 0.4212678372859955
4 0.8877551020408163 0.44706107152292246 0.9523809523809523 0.43225345725104924
5 0.8922902494331065 0.4415341004087271 0.9047619047619048 0.4141933478060223
6 0.8922902494331065 0.4385413095659139 0.9047619047619048 0.41462668208848863
7 0.8934240362811792 0.43695595225239015 0.9404761904761905 0.41563820129349116
8 0.8945578231292517 0.43372038885309044 0.9047619047619048 0.40990272093386876
9 0.8900226757369615 0.4324968826878909 0.9523809523809523 0.4027624399889083
10 0.9081632653061225 0.4282702287308483 0.9642857142857143 0.41215655846255167
11 0.8968253968253969 0.4284468700691145 0.8928571428571429 0.4095088165430796
12 0.9047619047619048 0.42342472360247657 0.9523809523809523 0.3971884995698929
13 0.9183673469387755 0.41916612757036203 0.9047619047619048 0.4159354716539383
14 0.9138321995464853 0.4220037865125133 0.9285714285714286 0.39655837132817223
15 0.9240362811791383 0.4176772702443086 0.9047619047619048 0.4012792096251533
16 0.9104308390022676 0.4166747309993995 0.9404761904761905 0.38771257726919084
17 0.9206349206349206 0.4105678320336504 0.9642857142857143 0.3957281879016331
18 0.9206349206349206 0.4129440053925763 0.9285714285714286 0.39132487915811087
19 0.9297052154195011 0.410257169178554 0.9404761904761905 0.39060057202974957
20 0.9206349206349206 0.40856969072705224 0.9285714285714286 0.3964014166877383
21 0.9240362811791383 0.40583401452116413 0.9047619047619048 0.3914990339960371
22 0.9308390022675737 0.404956859120436 0.9404761904761905 0.37959926539943334
23 0.9308390022675737 0.40325292492129095 0.9166666666666666 0.39151557712327867
24 0.937641723356009 0.4000629523849271 0.9404761904761905 0.38356326804274604
25 0.9285714285714286 0.40093000709605053 0.9047619047619048 0.4003813387382598
26 0.9331065759637188 0.3984799287757095 0.9404761904761905 0.38266131849516005
27 0.9365079365079365 0.3970252431574322 0.9404761904761905 0.3860116537128176
28 0.937641723356009 0.3968677474122469 0.9523809523809523 0.38126595885980696
29 0.937641723356009 0.39361199256784524 0.9166666666666666 0.38899276015304385
30 0.9399092970521542 0.3927207339783104 0.9404761904761905 0.37976581638767604
31 0.9421768707482994 0.39277557248160955 0.9285714285714286 0.38685318685713266
32 0.9399092970521542 0.3912801005267232 0.9404761904761905 0.3847324848175049
33 0.9421768707482994 0.3902709216487651 0.9523809523809523 0.37064661724226816
34 0.9399092970521542 0.3908327257011483 0.9404761904761905 0.38042914938359035
35 0.9523809523809523 0.38467079867311077 0.9642857142857143 0.37561689175310586
36 0.9410430839002267 0.38691245340435954 0.9404761904761905 0.37864541865530466
37 0.9523809523809523 0.3850880048983221 0.9404761904761905 0.3789356407665071
38 0.9410430839002267 0.38472603190512883 0.9404761904761905 0.3760637293259303
39 0.9455782312925171 0.38315750770017404 0.9404761904761905 0.37502203526951017
40 0.9489795918367347 0.38337815382313023 0.9642857142857143 0.3728133276814506
41 0.9444444444444444 0.38228746410670467 0.9642857142857143 0.37761654669330236
42 0.953514739229025 0.3803558298925153 0.9642857142857143 0.37025101199036553
43 0.9478458049886621 0.37973030583928774 0.9642857142857143 0.37364036057676586
44 0.9512471655328798 0.37981003374199207 0.9523809523809523 0.3758285088198526
45 0.9489795918367347 0.37884221697340204 0.9523809523809523 0.3748833608059656
46 0.95578231292517 0.3777551038059788 0.9285714285714286 0.37531171597185586
47 0.953514739229025 0.37584888718836434 0.9285714285714286 0.3811422919943219
48 0.9569160997732427 0.37754445139512993 0.9404761904761905 0.38450989056201207
49 0.9523809523809523 0.3754369953051716 0.9404761904761905 0.36760056231703075
50 0.9569160997732427 0.3758800125040976 0.9523809523809523 0.3725282514379138
51 0.9591836734693877 0.37361110425860433 0.9642857142857143 0.36708750753175645
52 0.95578231292517 0.37522432964945596 0.9642857142857143 0.3713954303945814
53 0.9614512471655329 0.3709803666252128 0.9642857142857143 0.37096079403445836
54 0.9614512471655329 0.3718057874919606 0.9642857142857143 0.36925403489952996
55 0.9614512471655329 0.37069673630115396 0.9404761904761905 0.3732807352429345
56 0.9591836734693877 0.3711451503560116 0.9404761904761905 0.3730522848310925
57 0.963718820861678 0.370220149996059 0.9642857142857143 0.3672175159056981
58 0.9614512471655329 0.3695629559406618 0.9404761904761905 0.37224064980234417
59 0.963718820861678 0.36853329766364323 0.9523809523809523 0.37779900147801354
60 0.9659863945578231 0.36803520219125985 0.9761904761904762 0.3567814273493631
61 0.9648526077097506 0.36746624044550247 0.9642857142857143 0.36298817041374387
62 0.9659863945578231 0.36568371603548394 0.9404761904761905 0.37236753957612173
63 0.9648526077097506 0.3656756317669572 0.9761904761904762 0.3541312302861895
64 0.9671201814058957 0.36578121524549123 0.9523809523809523 0.3721447466384797
65 0.9693877551020408 0.3643618142929207 0.9642857142857143 0.3621613269760495
66 0.9671201814058957 0.3644375110429431 0.9523809523809523 0.3695738748425529
67 0.9682539682539683 0.3636060924081305 0.9523809523809523 0.37764306863149005
68 0.9648526077097506 0.36345926298846465 0.9761904761904762 0.3536486654054551
69 0.9659863945578231 0.3620944065031281 0.9642857142857143 0.36562558228061315
70 0.9648526077097506 0.3626954791362053 0.9642857142857143 0.3608120864345914
71 0.9648526077097506 0.36238293305816566 0.9642857142857143 0.36474161133879707
72 0.9682539682539683 0.3609399454258467 0.9642857142857143 0.3638171213013785
73 0.9693877551020408 0.3613136368814239 0.9642857142857143 0.3631624160777955
74 0.9705215419501134 0.3613378970531109 0.9642857142857143 0.3615386833747228
75 0.9693877551020408 0.36019837964419066 0.9642857142857143 0.3634303900457564
76 0.971655328798186 0.360863605121366 0.9642857142857143 0.36385185306980494
77 0.9739229024943311 0.35922174665933293 0.9523809523809523 0.374714311389696
78 0.9682539682539683 0.3592811085604756 0.9761904761904762 0.34928729562532335
79 0.9739229024943311 0.35841856069035 0.9642857142857143 0.3584887002195631
80 0.9739229024943311 0.3583316744860608 0.9642857142857143 0.36341109091327306
81 0.9727891156462585 0.35786345695692395 0.9642857142857143 0.35756766086532954
82 0.9705215419501134 0.3587514563482635 0.9642857142857143 0.3610101469925472
83 0.9739229024943311 0.35648295337380737 0.9642857142857143 0.3598898635024116
84 0.971655328798186 0.3576831708149034 0.9642857142857143 0.3618275516089939
85 0.9750566893424036 0.3556235362342696 0.9642857142857143 0.36053486239342464
86 0.971655328798186 0.3563967414048253 0.9642857142857143 0.35883445186274393
87 0.9727891156462585 0.35601940514549374 0.9642857142857143 0.360590044941221
88 0.9784580498866213 0.35505135117474595 0.9642857142857143 0.3592738218250729
89 0.971655328798186 0.35625181609000206 0.9642857142857143 0.36243990986120134
90 0.9727891156462585 0.3542624483573464 0.9642857142857143 0.35880280818258015
91 0.9761904761904762 0.3537679481533379 0.9523809523809523 0.37275180575393496
92 0.9784580498866213 0.3543445647033164 0.9642857142857143 0.3604205470709574
93 0.9750566893424036 0.35458322257952357 0.9761904761904762 0.3482943361713773
94 0.9750566893424036 0.3537011134381197 0.9642857142857143 0.35740046983673457
95 0.9784580498866213 0.35317888423428784 0.9642857142857143 0.3588011562824249
96 0.9750566893424036 0.3533038133396313 0.9642857142857143 0.3579864643868946
97 0.9773242630385488 0.35285727345213597 0.9523809523809523 0.3645703480357215
98 0.9795918367346939 0.3525564101547881 0.9761904761904762 0.3504537322691509
99 0.9795918367346939 0.35226418824693245 0.9523809523809523 0.36902008950710297
100 0.9784580498866213 0.35136915915677336 0.9761904761904762 0.3485027282010941
101 0.9784580498866213 0.3524808691742739 0.9642857142857143 0.3542709080945878
102 0.9795918367346939 0.35113756301181387 0.9642857142857143 0.35735794121310827
103 0.9784580498866213 0.35106512086461733 0.9642857142857143 0.35744207813626244
104 0.9773242630385488 0.3511679231985356 0.9642857142857143 0.35779428482055664
105 0.9795918367346939 0.3509202579251763 0.9642857142857143 0.3571303053980782
106 0.9795918367346939 0.35071072259457475 0.9523809523809523 0.3672410278093247
107 0.9773242630385488 0.35086543577598606 0.9761904761904762 0.34647485826696667
108 0.9795918367346939 0.35112394625637805 0.9642857142857143 0.3567009405011222
109 0.9795918367346939 0.3512048728071373 0.9523809523809523 0.3681341161330541
110 0.9807256235827665 0.3489828402358118 0.9761904761904762 0.3499658498026076
111 0.981859410430839 0.3495495309229611 0.9642857142857143 0.35696354792231605
112 0.981859410430839 0.3494722414043755 0.9642857142857143 0.3564575073264894
113 0.9795918367346939 0.34997787585063855 0.9642857142857143 0.3566290778773172
114 0.981859410430839 0.3488045289538074 0.9642857142857143 0.35747659845011576
115 0.9807256235827665 0.34899438610152594 0.9523809523809523 0.36953429381052655
116 0.9807256235827665 0.3489837758665452 0.9761904761904762 0.3467514522018887
117 0.9807256235827665 0.3493891790880908 0.9642857142857143 0.3548358969745182
118 0.9829931972789115 0.34781591631387637 0.9642857142857143 0.3576045497542336
119 0.981859410430839 0.3486555115300782 0.9642857142857143 0.35835666741643635
120 0.9795918367346939 0.3484178910585217 0.9761904761904762 0.34425019863105955
121 0.9829931972789115 0.34844328682709175 0.9642857142857143 0.35533389094330015
122 0.981859410430839 0.347556365995991 0.9642857142857143 0.3595024808531716
123 0.981859410430839 0.34790869276810127 0.9642857142857143 0.355188134880293
124 0.9829931972789115 0.3475128139903486 0.9642857142857143 0.35649119601363227
125 0.9795918367346939 0.347803762642975 0.9523809523809523 0.36210633459545316
126 0.981859410430839 0.3473848466700167 0.9761904761904762 0.34910219340097337
127 0.981859410430839 0.3475513304847709 0.9642857142857143 0.35586478667599813
128 0.981859410430839 0.3467549462031886 0.9523809523809523 0.36695931922821773
129 0.9807256235827665 0.3471108053276598 0.9761904761904762 0.3464588728689012
130 0.9807256235827665 0.34671833807108354 0.9642857142857143 0.35536214070660727
131 0.9807256235827665 0.3467667963093911 0.9642857142857143 0.35498118968237014
132 0.9841269841269841 0.34579354470549256 0.9642857142857143 0.35543761650721234
133 0.9852607709750567 0.345897787349835 0.9642857142857143 0.3560085992018382
134 0.9829931972789115 0.34688977914061947 0.9642857142857143 0.3535657297997248
135 0.9841269841269841 0.34592077974018864 0.9642857142857143 0.35590584930919467
136 0.9829931972789115 0.3455555759319643 0.9642857142857143 0.3565858659290132
137 0.9841269841269841 0.3465170877185268 0.9642857142857143 0.3554716741754895
138 0.9829931972789115 0.3461859611426892 0.9523809523809523 0.3669643820751281
139 0.9829931972789115 0.3459010160023393 0.9761904761904762 0.34369137244565146
140 0.9807256235827665 0.34690089533929114 0.9642857142857143 0.3555882601510911
141 0.9852607709750567 0.3450630427488124 0.9523809523809523 0.3622587550254095
142 0.981859410430839 0.3455298335508965 0.9761904761904762 0.3470115548088437
143 0.9829931972789115 0.34560265285628183 0.9642857142857143 0.35519101648103624
144 0.9829931972789115 0.346266176154554 0.9642857142857143 0.355020305230504
145 0.9841269841269841 0.34500177336387894 0.9761904761904762 0.34960142203739714
146 0.9841269841269841 0.34538298277627855 0.9523809523809523 0.3653063156775066
147 0.9829931972789115 0.3453057104903284 0.9761904761904762 0.34680635304678054
148 0.9829931972789115 0.34519064615643213 0.9523809523809523 0.3636607577403386
149 0.9829931972789115 0.3452364923326877 0.9761904761904762 0.34334633463904973
150 0.9829931972789115 0.3451492585022163 0.9642857142857143 0.3547321174825941
151 0.9841269841269841 0.34546111824831455 0.9523809523809523 0.36017840674945284
152 0.9829931972789115 0.34452424703541795 0.9761904761904762 0.3489737127508436
153 0.9841269841269841 0.3445893896409984 0.9642857142857143 0.35465608679112937
154 0.9829931972789115 0.3449666614975789 0.9642857142857143 0.35525139172871906
155 0.9852607709750567 0.3447038483998132 0.9761904761904762 0.35258850313368295
156 0.9852607709750567 0.3445601234225189 0.9642857142857143 0.35279240423724767
157 0.9829931972789115 0.34473859486666397 0.9642857142857143 0.3547869289205188
158 0.9841269841269841 0.344587612517026 0.9523809523809523 0.36172869943437125
159 0.9841269841269841 0.344345917169199 0.9761904761904762 0.34703011172158377
160 0.9841269841269841 0.34461744504720987 0.9642857142857143 0.35717163128512247
161 0.9841269841269841 0.34421651676939186 0.9523809523809523 0.3580091581458137
162 0.9841269841269841 0.34435480387032436 0.9761904761904762 0.3493131420442036
163 0.981859410430839 0.3447474041898775 0.9642857142857143 0.35462782425539835
164 0.9841269841269841 0.34338425022133895 0.9642857142857143 0.3576693229732059
165 0.9852607709750567 0.3440779350241836 0.9642857142857143 0.3514041013660885
166 0.9852607709750567 0.3441331281142981 0.9642857142857143 0.3543293390955244
167 0.9841269841269841 0.34378963796730216 0.9523809523809523 0.3658280535822823
168 0.9841269841269841 0.34401550010488685 0.9761904761904762 0.3445485078153156
169 0.9841269841269841 0.3437427068783853 0.9642857142857143 0.3542435836224329
