0 0.502283105022831 0.7363249322050782 0.5238095238095238 0.7216690750349135
1 0.5605022831050228 0.6855598620083778 0.7976190476190477 0.6419906502678281
2 0.7922374429223744 0.5678073864549262 0.6309523809523809 0.614335930063611
3 0.797945205479452 0.5465299138739773 0.5952380952380952 0.6327751392409915
4 0.8025114155251142 0.5421834876548209 0.8214285714285714 0.6244936358361017
5 0.8116438356164384 0.5384014428478398 0.8214285714285714 0.6196003641401019
6 0.8013698630136986 0.5349162248171628 0.6428571428571429 0.6101178654602596
7 0.8139269406392694 0.5316602696566821 0.7023809523809523 0.6185721414429801
8 0.8093607305936074 0.5291471277197747 0.7738095238095238 0.6090552579788935
9 0.8424657534246576 0.5220724756587042 0.6190476190476191 0.6045937467189062
10 0.8242009132420092 0.5199330581105464 0.6547619047619048 0.5965733939693088
11 0.8264840182648402 0.5161001378814923 0.7261904761904762 0.6067779873098645
12 0.8287671232876712 0.5121043362573946 0.6785714285714286 0.6012735395204454
13 0.8424657534246576 0.5081256149022002 0.7619047619047619 0.5928356377851396
14 0.8424657534246576 0.5018063833996586 0.7738095238095238 0.5846837006864094
15 0.8504566210045662 0.4954525674586971 0.6309523809523809 0.6292081560407367
16 0.8573059360730594 0.4931689006825016 0.7023809523809523 0.596751393306823
17 0.8550228310502284 0.49044015962783605 0.7142857142857143 0.5741457130227771
18 0.8698630136986302 0.48226143113554343 0.7380952380952381 0.5826371780463627
19 0.8641552511415526 0.4793403216692955 0.8214285714285714 0.5496593202863421
20 0.8778538812785388 0.4737993183473474 0.6904761904761905 0.5980839331944784
21 0.8778538812785388 0.4709190403761929 0.7619047619047619 0.5587708708785829
22 0.8904109589041096 0.4642648700981924 0.7380952380952381 0.5584617441608792
23 0.8801369863013698 0.4656491429294081 0.8214285714285714 0.5447805864470345
24 0.884703196347032 0.45955131546547423 0.8333333333333334 0.527752168121792
25 0.884703196347032 0.45569585882909763 0.8214285714285714 0.5368103228864216
26 0.889269406392694 0.4530377381196305 0.8333333333333334 0.532833552076703
27 0.8938356164383562 0.4506821262237688 0.8214285714285714 0.5383156481243315
28 0.8938356164383562 0.45169472503879843 0.8571428571428571 0.506011738663628
29 0.8938356164383562 0.4475339863398304 0.7976190476190477 0.545647946142015
30 0.8961187214611872 0.4454920291900635 0.8452380952380952 0.5000039963495164
31 0.9018264840182648 0.44121299881369014 0.7976190476190477 0.5308637065546853
32 0.8961187214611872 0.4419824519113863 0.8452380952380952 0.5020698521818433
33 0.9018264840182648 0.4414573975894005 0.8571428571428571 0.5022944949922108
34 0.8995433789954338 0.440152155618145 0.8214285714285714 0.5237067966234117
35 0.9006849315068494 0.4338940409220517 0.8333333333333334 0.4971895473343985
36 0.8972602739726028 0.4362608116783508 0.8333333333333334 0.5081757250286284
37 0.908675799086758 0.4306056974413188 0.8333333333333334 0.5116999262855166
38 0.908675799086758 0.4315838951226239 0.8571428571428571 0.4955315831161681
39 0.9041095890410958 0.4301296883522103 0.7976190476190477 0.5174127802962348
40 0.9029680365296804 0.42790223433546826 0.9047619047619048 0.4574675148441678
41 0.908675799086758 0.42541993208671813 0.8333333333333334 0.5024720018818265
42 0.9098173515981736 0.4261505552078491 0.8333333333333334 0.5014730024905432
43 0.9098173515981736 0.4232979005874564 0.8571428571428571 0.4816332615557171
44 0.9121004566210046 0.4215326186728804 0.8809523809523809 0.4717771822497958
45 0.910958904109589 0.41926677395764006 0.8690476190476191 0.48308715366181876
46 0.9200913242009132 0.4192216449404416 0.8690476190476191 0.47111106912295025
47 0.9155251141552512 0.417892626703602 0.8690476190476191 0.47002660518600825
48 0.9155251141552512 0.4163384185806257 0.8690476190476191 0.47515026444480535
49 0.9235159817351598 0.4168209818672372 0.8214285714285714 0.4891643708660489
50 0.9200913242009132 0.412343149315821 0.8809523809523809 0.4738131406761351
51 0.9212328767123288 0.41183282591436554 0.8690476190476191 0.4757204069977715
52 0.9257990867579908 0.40881443799358524 0.8452380952380952 0.4794596547172183
53 0.9246575342465754 0.41011312808075995 0.8690476190476191 0.463789287067595
54 0.930365296803653 0.4074976221067176 0.8571428571428571 0.46332715664591106
55 0.930365296803653 0.4059949438321536 0.8571428571428571 0.476311499164218
56 0.9235159817351598 0.40624535900272735 0.8452380952380952 0.46359185519672574
57 0.932648401826484 0.40329247168754334 0.8690476190476191 0.4628851172469911
58 0.9360730593607306 0.4015168487753498 0.8452380952380952 0.47586542226019357
59 0.932648401826484 0.3996676054175042 0.8571428571428571 0.43981126092729117
60 0.9292237442922374 0.3982864776158442 0.8809523809523809 0.45127826645260766
61 0.9372146118721462 0.3963292020640961 0.8571428571428571 0.4747603904633295
62 0.9292237442922374 0.39752296443399227 0.8928571428571429 0.44300568245706107
63 0.9315068493150684 0.39603275101478785 0.8690476190476191 0.4524488974185217
64 0.9394977168949772 0.39460010887825325 0.8690476190476191 0.4528769169534956
65 0.9452054794520548 0.3909426106982035 0.8571428571428571 0.4603445217722938
66 0.9417808219178082 0.39181585398983193 0.8690476190476191 0.44909299981026424
67 0.9463470319634704 0.38967219403345293 0.8690476190476191 0.45101802547772724
68 0.9486301369863014 0.3890408815042069 0.8690476190476191 0.4463812978494735
69 0.9372146118721462 0.3894813098863924 0.8690476190476191 0.44677517669541494
70 0.9497716894977168 0.3885861914179641 0.8452380952380952 0.4602063156309582
71 0.9440639269406392 0.3851396576182483 0.8809523809523809 0.4371221789291927
72 0.9486301369863014 0.3862872024377187 0.8571428571428571 0.45015167196591693
73 0.9486301369863014 0.38487671975675786 0.8571428571428571 0.4550136129061381
74 0.952054794520548 0.3829557642544786 0.9047619047619048 0.4279808813617343
75 0.9474885844748858 0.3838803975005128 0.8571428571428571 0.44422824184099835
76 0.952054794520548 0.3834279485761303 0.8690476190476191 0.4467082264877501
77 0.9577625570776256 0.3825833952590211 0.8452380952380952 0.4524099017892565
78 0.95662100456621 0.3802956591730248 0.9166666666666666 0.4299085324718839
79 0.952054794520548 0.3800553140574939 0.8452380952380952 0.4612771457149869
80 0.9497716894977168 0.38125777448693365 0.8452380952380952 0.4557487765947978
81 0.9577625570776256 0.3782316425891772 0.8452380952380952 0.45680471261342365
82 0.952054794520548 0.379716450629169 0.9285714285714286 0.405090746425447
83 0.9554794520547946 0.3792029540288394 0.8690476190476191 0.44091240423066275
84 0.958904109589041 0.37747385471923167 0.8452380952380952 0.4528582692146301
85 0.954337899543379 0.3785702266377401 0.8809523809523809 0.43495983878771466
86 0.9600456621004566 0.3758120901508418 0.8452380952380952 0.4419511499859038
87 0.9611872146118722 0.37554195999554846 0.8809523809523809 0.44274740843545823
88 0.95662100456621 0.37556264199078354 0.8690476190476191 0.4357489248116811
89 0.95662100456621 0.37446304706677996 0.8809523809523809 0.4385770261287689
90 0.9623287671232876 0.3747970219616476 0.8571428571428571 0.4370571162019457
91 0.958904109589041 0.3731892645086872 0.8690476190476191 0.4496765888872601
92 0.9623287671232876 0.37329784389500204 0.8928571428571429 0.4205492039521535
93 0.9611872146118722 0.37299999254479255 0.8571428571428571 0.43987296734537396
94 0.9611872146118722 0.37259775890062935 0.8809523809523809 0.4310114057291122
95 0.958904109589041 0.37229372867166177 0.8452380952380952 0.4606634236517407
96 0.9611872146118722 0.3713291728333251 0.8928571428571429 0.4277284627869016
97 0.9611872146118722 0.37151336111978855 0.8809523809523809 0.4245969567980085
98 0.9611872146118722 0.36965422801775477 0.8928571428571429 0.41774547809646245
99 0.9600456621004566 0.37201920206143974 0.9166666666666666 0.4133710591565995
100 0.9646118721461188 0.36844905448830834 0.8690476190476191 0.4421486513955252
101 0.9600456621004566 0.3703507858596436 0.8452380952380952 0.4397190738291967
102 0.9668949771689498 0.36838389068978017 0.8809523809523809 0.4359183879125686
103 0.9668949771689498 0.36783932292298094 0.9047619047619048 0.4237768678438096
104 0.9623287671232876 0.36947167137442116 0.8571428571428571 0.4486775809810275
105 0.9691780821917808 0.36761020089937674 0.8690476190476191 0.4317753201439267
106 0.9714611872146118 0.3667286842653196 0.8928571428571429 0.44130461130823406
107 0.9623287671232876 0.3680662409355651 0.8928571428571429 0.4176419916607085
108 0.9691780821917808 0.3662264613800397 0.8809523809523809 0.4258837004502614
109 0.9668949771689498 0.36674831133999236 0.8690476190476191 0.43565801353681655
110 0.9691780821917808 0.3673123997640392 0.8928571428571429 0.42437125671477544
111 0.9726027397260274 0.36520972602987944 0.8690476190476191 0.4272535414922805
112 0.9703196347031964 0.3655826871253584 0.8571428571428571 0.44057385268665494
113 0.9680365296803652 0.36626138561936816 0.8690476190476191 0.42552014617692857
114 0.9703196347031964 0.36455350842105744 0.9047619047619048 0.41832910974820453
115 0.9703196347031964 0.3651273183898839 0.8690476190476191 0.43035276021276203
116 0.9680365296803652 0.36454504456149933 0.8928571428571429 0.42342942101614817
117 0.9680365296803652 0.36548746258156484 0.8571428571428571 0.44057136632147287
118 0.9726027397260274 0.3627742787474367 0.8452380952380952 0.4490795816693987
119 0.9680365296803652 0.3645174421676218 0.9047619047619048 0.40231184164683026
120 0.9714611872146118 0.3637522129707685 0.8809523809523809 0.4217393469242823
121 0.9668949771689498 0.36401170886814865 0.8928571428571429 0.42974133434749784
122 0.9691780821917808 0.3629740109182384 0.8690476190476191 0.42057434575898306
123 0.9714611872146118 0.36292661855754244 0.8928571428571429 0.4273002914019993
124 0.9668949771689498 0.3629028003781898 0.8809523809523809 0.42371784363474163
125 0.9703196347031964 0.3627127350465348 0.8809523809523809 0.4253423682280949
126 0.9691780821917808 0.36425380905469257 0.8809523809523809 0.4242599606513977
127 0.9703196347031964 0.3618579169386598 0.8809523809523809 0.4171134020601
128 0.9703196347031964 0.3613383312747903 0.8571428571428571 0.43253557029224576
129 0.9748858447488584 0.36151848468062 0.8928571428571429 0.4262375760646093
130 0.9668949771689498 0.36162984697786094 0.8928571428571429 0.43178523722149076
131 0.9703196347031964 0.3611900678508358 0.8928571428571429 0.4198999262991406
132 0.9703196347031964 0.3617172253458467 0.8809523809523809 0.4351077363604591
133 0.9703196347031964 0.3619282125882362 0.8928571428571429 0.4178721691880907
134 0.9726027397260274 0.3607815886469192 0.8809523809523809 0.4207331680116199
135 0.9726027397260274 0.36147702407074844 0.8690476190476191 0.42891222096624826
136 0.9726027397260274 0.36048182613773433 0.9166666666666666 0.40562592233930317
137 0.9703196347031964 0.36012548439578923 0.9047619047619048 0.4121169206641969
138 0.973744292237443 0.36033883650008947 0.8928571428571429 0.428428916704087
139 0.9703196347031964 0.3604233029498357 0.8928571428571429 0.4175864926406315
140 0.9703196347031964 0.3601491160044387 0.8809523809523809 0.42459205928302945
141 0.9691780821917808 0.3609939100535493 0.8928571428571429 0.41790375255403067
142 0.9748858447488584 0.3589149736650458 0.8928571428571429 0.41614558015550884
143 0.973744292237443 0.35924918262381533 0.8571428571428571 0.43565755514871507
144 0.9703196347031964 0.3596844738476897 0.9047619047619048 0.41204345793951125
