0 0.4036697247706422 0.7044284969841669 0.325 0.7075914442539215
1 0.45642201834862384 0.7007066306717898 0.45 0.7017949998378754
2 0.5321100917431193 0.6888571343290697 0.55 0.6979489803314209
3 0.6307339449541285 0.6622084947901035 0.5 0.702340042591095
4 0.6490825688073395 0.6535564950846751 0.65 0.6408941984176636
5 0.6880733944954128 0.6407065916498866 0.5 0.6510270059108734
6 0.6743119266055045 0.6375578157945511 0.5 0.6556790351867676
7 0.7064220183486238 0.6347832340712941 0.6 0.6324751019477844
8 0.6880733944954128 0.6295182786950277 0.75 0.6458213686943054
9 0.6811926605504587 0.6319453191319737 0.475 0.6536928296089173
10 0.6903669724770642 0.6273034925854534 0.45 0.656956535577774
11 0.694954128440367 0.6276296904874504 0.525 0.6456410408020019
12 0.6834862385321101 0.6219871828862287 0.725 0.6220907986164093
13 0.6811926605504587 0.6245837025686142 0.5 0.6437094330787658
14 0.6697247706422018 0.6270288187976277 0.6 0.6382799029350281
15 0.7018348623853211 0.6207653029796181 0.65 0.62966068983078
16 0.6880733944954128 0.6224427111105088 0.65 0.632963228225708
17 0.694954128440367 0.6177262056858168 0.5 0.6410030066967011
18 0.7018348623853211 0.6203631493476552 0.575 0.6351361989974975
19 0.694954128440367 0.6198652389399503 0.575 0.6221028625965118
20 0.6903669724770642 0.6156159858091161 0.5 0.6377690017223359
21 0.7018348623853211 0.6150719791377356 0.6 0.6137113451957703
22 0.6972477064220184 0.6161015960601491 0.45 0.6536870241165161
23 0.6880733944954128 0.614697262234644 0.55 0.6237346053123474
24 0.7224770642201835 0.6134696816085675 0.625 0.62750084400177
25 0.7018348623853211 0.6142623304227076 0.675 0.6108833014965057
26 0.7201834862385321 0.6133768367111136 0.575 0.6276667058467865
27 0.7087155963302753 0.6133820507504525 0.6 0.6339468955993652
28 0.7041284403669725 0.6115883334514198 0.675 0.6109492540359497
29 0.7041284403669725 0.6111209638621828 0.575 0.620688533782959
30 0.7155963302752294 0.6120072980539515 0.6 0.6327597856521606
31 0.7110091743119266 0.6088122766499126 0.55 0.6230038464069366
32 0.7201834862385321 0.6131044407503321 0.675 0.6091933488845825
33 0.7293577981651376 0.6062626280915846 0.575 0.6352439045906066
34 0.7110091743119266 0.6103609053913607 0.55 0.6168395221233368
35 0.7178899082568807 0.6076543016718068 0.625 0.6296428501605987
36 0.7155963302752294 0.6042545826063244 0.55 0.6134764850139618
37 0.731651376146789 0.6051094663252524 0.55 0.6394654870033264
38 0.7018348623853211 0.6082494633460264 0.575 0.6095009565353393
39 0.7201834862385321 0.6035366536827262 0.55 0.6265111207962036
40 0.7270642201834863 0.5997592068593437 0.5 0.6386683881282806
41 0.7293577981651376 0.6042045209932765 0.575 0.6210328757762908
42 0.7155963302752294 0.6060098385045288 0.675 0.6036907315254212
43 0.7201834862385321 0.6011358999877895 0.625 0.6165209174156189
44 0.713302752293578 0.603441704850678 0.6 0.6216979324817657
45 0.731651376146789 0.6020134829599922 0.575 0.6101169526576996
46 0.7247706422018348 0.600117145054931 0.625 0.6106759369373321
47 0.713302752293578 0.6034304958964707 0.5 0.6339851677417755
48 0.7408256880733946 0.6006039946997931 0.625 0.623316639661789
49 0.7178899082568807 0.6007443964481354 0.55 0.6126286685466766
50 0.7431192660550459 0.5977706873635633 0.625 0.6125586569309235
51 0.7362385321100917 0.6003474347088316 0.625 0.6046936690807343
52 0.7155963302752294 0.5998828113079071 0.55 0.6108909219503402
53 0.7178899082568807 0.6025490889308649 0.55 0.6270244240760803
54 0.731651376146789 0.5946915576217371 0.6 0.616810554265976
55 0.7293577981651376 0.6007177277442513 0.65 0.6248234927654266
56 0.7408256880733946 0.5977069120341485 0.7 0.6107426643371582
57 0.7270642201834863 0.5969024552117794 0.65 0.6059658586978912
58 0.7201834862385321 0.5979597024414518 0.575 0.6187123030424118
59 0.731651376146789 0.5991320648324598 0.65 0.6210151553153992
60 0.7270642201834863 0.5966639956203076 0.675 0.6166441857814788
61 0.7247706422018348 0.5986570281173111 0.7 0.5936232209205627
62 0.7431192660550459 0.5949421751936641 0.625 0.6061625003814697
63 0.731651376146789 0.5958154351886259 0.575 0.6196346402168273
64 0.731651376146789 0.5968437889300355 0.675 0.5964719325304031
65 0.7408256880733946 0.5957668213122481 0.5 0.6393800437450409
66 0.7362385321100917 0.5950288887417644 0.625 0.6279647290706635
67 0.7293577981651376 0.5953298397020462 0.6 0.6012926608324051
68 0.7385321100917431 0.5957365930080414 0.65 0.6080217361450195
69 0.731651376146789 0.5959178906515104 0.775 0.5770422577857971
70 0.7293577981651376 0.5914958876754166 0.55 0.6350580871105194
71 0.7385321100917431 0.5954401454794298 0.7 0.6049205482006073
72 0.7339449541284404 0.5932970038794596 0.55 0.6289003431797028
73 0.7408256880733946 0.5937938517933592 0.75 0.5895063698291778
74 0.731651376146789 0.5932150431182406 0.6 0.6189243495464325
75 0.7339449541284404 0.5914911759009055 0.575 0.6148264527320861
76 0.7522935779816514 0.5913680663349432 0.6 0.6237298935651779
77 0.7293577981651376 0.5937759649316106 0.675 0.5901953995227813
78 0.7362385321100917 0.5914438905519083 0.65 0.599479791522026
79 0.7454128440366973 0.5939321258199324 0.6 0.6182736754417419
80 0.7431192660550459 0.5931581540392079 0.625 0.6165988564491272
81 0.7431192660550459 0.5916336709206257 0.7 0.5983390510082245
82 0.731651376146789 0.5926113120459635 0.6 0.6220069408416748
83 0.7591743119266054 0.5908165183089195 0.6 0.612607079744339
84 0.731651376146789 0.5940356601815705 0.725 0.5787207067012787
85 0.75 0.5866191832844271 0.5 0.6456694900989532
86 0.7454128440366973 0.5925071272281331 0.7 0.5826795369386673
87 0.7431192660550459 0.5894907403976546 0.625 0.6189402282238007
88 0.75 0.5885988227817991 0.575 0.6261253952980042
89 0.7408256880733946 0.5910896910439938 0.725 0.5857401430606842
90 0.7385321100917431 0.590272175062687 0.675 0.5983425140380859
91 0.7454128440366973 0.5893652493800592 0.65 0.614273288846016
92 0.7477064220183486 0.5897084343324014 0.6 0.6121399611234665
93 0.731651376146789 0.5886989260485412 0.725 0.5855366468429566
94 0.7362385321100917 0.5908479835462133 0.55 0.6331006288528442
95 0.7408256880733946 0.5891784902559508 0.65 0.5970147252082825
96 0.7270642201834863 0.5932174841745184 0.6 0.6158970922231675
97 0.7454128440366973 0.5882060341878769 0.65 0.6147101879119873
98 0.7431192660550459 0.5901935439591014 0.65 0.6020021557807922
99 0.731651376146789 0.5897134958057229 0.675 0.6017545938491822
100 0.7522935779816514 0.5879782296101982 0.675 0.5963221311569213
101 0.7454128440366973 0.5864158565298133 0.625 0.617343270778656
102 0.7477064220183486 0.5884575619610077 0.65 0.6131579577922821
103 0.7454128440366973 0.5890227389444999 0.7 0.5906710624694824
104 0.7431192660550459 0.5888985286065198 0.6 0.6175235390663147
105 0.7477064220183486 0.5885991120557172 0.65 0.588135889172554
106 0.7362385321100917 0.5887341009914329 0.675 0.6087742567062377
107 0.7522935779816514 0.5848493351848847 0.575 0.6202403545379639
108 0.731651376146789 0.5918048073392396 0.7 0.5919582277536393
109 0.7454128440366973 0.5858079501248281 0.625 0.6067319542169571
110 0.75 0.5868045200995349 0.625 0.6085778951644898
111 0.7408256880733946 0.5901600871611079 0.6 0.619802150130272
112 0.7431192660550459 0.5874599543733334 0.6 0.6084021896123886
113 0.7454128440366973 0.5868583097370392 0.7 0.5921184003353119
114 0.7431192660550459 0.5899718723712711 0.675 0.5974287450313568
115 0.7431192660550459 0.5841606294890063 0.625 0.6096633642911911
116 0.7477064220183486 0.5878302189735097 0.7 0.6029993534088135
117 0.75 0.5859061968982766 0.65 0.5954989910125732
118 0.7477064220183486 0.5869837389626634 0.625 0.6120086371898651
119 0.7385321100917431 0.5874976081038834 0.55 0.6203887224197387
120 0.7522935779816514 0.5862766050417488 0.7 0.6007588982582093
121 0.7362385321100917 0.5876154642586314 0.625 0.5967691302299499
122 0.7385321100917431 0.5864664556783273 0.675 0.5927311837673187
123 0.7477064220183486 0.5844259890941305 0.6 0.6213392674922943
124 0.7431192660550459 0.5884984357094546 0.625 0.6032479286193848
125 0.7477064220183486 0.5869854740593412 0.65 0.6202214628458023
126 0.7431192660550459 0.5870364633722043 0.675 0.6010560393333435
127 0.7568807339449541 0.5823739463583045 0.65 0.5986275255680085
128 0.7385321100917431 0.5885028486404944 0.7 0.5900121688842773
129 0.7408256880733946 0.5857830594439025 0.6 0.6187723338603973
130 0.7477064220183486 0.5884398405158192 0.675 0.6005283236503601
131 0.7408256880733946 0.5860187370295918 0.675 0.5837977349758148
132 0.7522935779816514 0.5850055316172609 0.65 0.6089613050222397
133 0.7454128440366973 0.5868804607916316 0.575 0.628709614276886
134 0.75 0.5873613617288957 0.65 0.5950742602348328
135 0.7408256880733946 0.5857235163176825 0.625 0.6130582928657532
136 0.7545871559633027 0.5838346943395947 0.625 0.5994569063186646
137 0.7431192660550459 0.5867766448117178 0.65 0.6176718533039093
138 0.75 0.5839083468148468 0.675 0.5927638351917267
139 0.7385321100917431 0.5882379314221373 0.65 0.595582228899002
140 0.7454128440366973 0.5847556347693872 0.675 0.5940996766090393
141 0.7431192660550459 0.585588275019182 0.6 0.6221277117729187
142 0.75 0.5847472515674906 0.675 0.60084388256073
143 0.7431192660550459 0.586208283354383 0.65 0.6073345065116882
144 0.75 0.5857888479298408 0.7 0.5793831318616867
145 0.75 0.5835818219075509 0.6 0.6179429531097412
146 0.7454128440366973 0.5837838504839381 0.625 0.6067393243312835
147 0.7477064220183486 0.5872757046594532 0.65 0.5992063283920288
148 0.7454128440366973 0.5836893374766778 0.65 0.6155362963676453
149 0.7339449541284404 0.5868841029635263 0.675 0.6027554333209991
150 0.7522935779816514 0.5840332934615808 0.6 0.6156191438436508
151 0.7431192660550459 0.5835080980707746 0.725 0.5828913569450378
152 0.7522935779816514 0.5829338920772622 0.675 0.587129020690918
153 0.7408256880733946 0.5878057307606444 0.6 0.6185875594615936
154 0.7522935779816514 0.5841727557532285 0.675 0.5957370340824127
155 0.7431192660550459 0.5855588593067379 0.65 0.6075142383575439
156 0.7477064220183486 0.5855371235707484 0.625 0.6116888880729675
157 0.7454128440366973 0.5850715016553162 0.775 0.5721955507993698
158 0.75 0.5826642680058786 0.575 0.6178039968013763
159 0.7431192660550459 0.5851579765114215 0.625 0.6128959834575654
160 0.7477064220183486 0.5828532013324422 0.725 0.5848844051361084
161 0.7454128440366973 0.5850428958004767 0.55 0.6256661891937256
162 0.7477064220183486 0.5871220638445758 0.65 0.6060230433940887
163 0.7591743119266054 0.5794585563174082 0.7 0.5871939241886139
164 0.7454128440366973 0.584243246994981 0.7 0.6116351246833801
165 0.7477064220183486 0.583935023721205 0.675 0.5941541612148284
166 0.75 0.5839125530435405 0.625 0.6000643610954285
167 0.7454128440366973 0.5870033177213931 0.65 0.604200541973114
168 0.7477064220183486 0.5823771680166961 0.625 0.6097063302993775
169 0.7522935779816514 0.5840891689882366 0.725 0.5837117493152618
170 0.7477064220183486 0.5843235609728262 0.625 0.6272360861301423
171 0.7477064220183486 0.5842832860049851 0.675 0.5940029859542847
172 0.7591743119266054 0.5834543830757841 0.7 0.5930842667818069
173 0.7431192660550459 0.5869909699903716 0.65 0.5902985841035843
174 0.7477064220183486 0.5831517784967335 0.625 0.6215037345886231
175 0.7454128440366973 0.5854682815731118 0.675 0.5999434530735016
176 0.7591743119266054 0.5816976406158657 0.7 0.5918036431074143
177 0.75 0.5831515091821688 0.675 0.6086461424827576
178 0.7431192660550459 0.5869349167434448 0.65 0.6096547365188598
179 0.7431192660550459 0.5843468398676006 0.675 0.5971981674432755
180 0.7614678899082569 0.5813570353416128 0.7 0.6065921753644943
181 0.75 0.5847244071304252 0.6 0.6118765532970428
182 0.7522935779816514 0.5834196278261482 0.65 0.6085743486881257
183 0.7568807339449541 0.5845985264953123 0.7 0.586071690917015
184 0.75 0.5821697088556552 0.7 0.5870709180831909
185 0.7477064220183486 0.5843046389588522 0.575 0.6277666985988617
186 0.7431192660550459 0.5862503636867629 0.75 0.572933828830719
187 0.7522935779816514 0.5819635054933916 0.7 0.5940077543258667
188 0.75 0.5842278375538117 0.575 0.6288684427738189
189 0.75 0.5838570731495498 0.675 0.5928125321865082
190 0.7545871559633027 0.5832935191622568 0.675 0.6052582025527954
191 0.7454128440366973 0.5836663875011129 0.65 0.6043960988521576
192 0.7568807339449541 0.5819810803877105 0.725 0.584385997056961
193 0.7477064220183486 0.5850454541521335 0.65 0.6086169958114624
194 0.7408256880733946 0.586443531130432 0.675 0.5998696923255921
195 0.7591743119266054 0.5821287569102891 0.65 0.6113463938236237
196 0.7545871559633027 0.5808977864751028 0.675 0.6098879218101502
197 0.7522935779816514 0.5835070432326116 0.7 0.5875871002674102
198 0.7477064220183486 0.586776302495134 0.675 0.5969999432563782
199 0.7545871559633027 0.5810705319457098 0.625 0.6111575901508332
