0 0.36936936936936937 0.7061655070330646 0.4 0.7081983149051666
1 0.42792792792792794 0.7005622940020518 0.575 0.6955355703830719
2 0.5337837837837838 0.6933904848657213 0.725 0.7077684223651886
3 0.5675675675675675 0.68460943194123 0.625 0.7117287933826446
4 0.668918918918919 0.657177239387959 0.75 0.6208275318145752
5 0.6306306306306306 0.6467844961999772 0.725 0.639165848493576
6 0.6734234234234234 0.6372003184782492 0.725 0.6411324083805084
7 0.6779279279279279 0.6361123758393366 0.75 0.6383960604667663
8 0.6891891891891891 0.6321295854207631 0.775 0.6383338510990143
9 0.6914414414414415 0.6321714139199471 0.75 0.6358976006507874
10 0.6756756756756757 0.6296159447850408 0.75 0.636780732870102
11 0.6936936936936937 0.6268770407449018 0.825 0.6212846517562867
12 0.6981981981981982 0.6285912931502402 0.775 0.6375854134559631
13 0.6891891891891891 0.62637827847455 0.75 0.641646659374237
14 0.6914414414414415 0.6269430408069679 0.75 0.6398896276950836
15 0.722972972972973 0.6227303098987889 0.775 0.6323751270771026
16 0.7027027027027027 0.6221816875376143 0.775 0.6208887279033661
17 0.6756756756756757 0.6229767206015887 0.75 0.6365321695804596
18 0.7072072072072072 0.6187055905659994 0.8 0.6209837138652802
19 0.6981981981981982 0.6207064285471633 0.8 0.6148259341716766
20 0.6914414414414415 0.618917952249716 0.775 0.6247889935970307
21 0.7184684684684685 0.6181802728154637 0.775 0.6297060787677765
22 0.7004504504504504 0.6201050716477472 0.75 0.6377001881599427
23 0.6891891891891891 0.6165172865798881 0.75 0.6388815224170685
24 0.713963963963964 0.620689145616583 0.825 0.6100861012935639
25 0.7027027027027027 0.6150017133704176 0.775 0.6128807663917542
26 0.7027027027027027 0.6169194412661029 0.775 0.6182251811027527
27 0.6869369369369369 0.6131840904016752 0.775 0.6229279696941376
28 0.7094594594594594 0.6160765851403142 0.725 0.6413834691047668
29 0.704954954954955 0.613359723810677 0.8 0.6065575659275055
30 0.7027027027027027 0.6135065144783741 0.8 0.6048093318939209
31 0.7162162162162162 0.6118168283153225 0.7 0.6394409596920013
32 0.6891891891891891 0.613237385545765 0.825 0.5997266888618469
33 0.7162162162162162 0.6095936059414804 0.75 0.6276153326034546
34 0.7094594594594594 0.6107940622815141 0.8 0.608621996641159
35 0.7117117117117117 0.6106170101745708 0.8 0.602915233373642
36 0.6914414414414415 0.6111486602473903 0.775 0.6162406444549561
37 0.7117117117117117 0.6087204859600411 0.75 0.6235976755619049
38 0.704954954954955 0.6086745369541753 0.725 0.6345251619815826
39 0.7184684684684685 0.6092492629278887 0.8 0.6004839062690734
40 0.704954954954955 0.606009821097056 0.775 0.6222451210021973
41 0.7094594594594594 0.6036995235864107 0.825 0.5939136028289795
42 0.7117117117117117 0.6096159302973533 0.775 0.6158822178840637
43 0.7184684684684685 0.6034589039312827 0.725 0.6339777112007141
44 0.704954954954955 0.6091933908226254 0.8 0.6069796681404114
45 0.7117117117117117 0.6058858603507549 0.825 0.5900432407855988
46 0.7274774774774775 0.6034479871526495 0.7 0.61572345495224
47 0.6959459459459459 0.6044290865863766 0.75 0.6260882914066315
48 0.7184684684684685 0.6055637375191525 0.775 0.6108729541301727
49 0.7319819819819819 0.5989722000049041 0.75 0.599609637260437
50 0.6981981981981982 0.6018615332809655 0.825 0.5946427464485169
51 0.7319819819819819 0.6016751973478643 0.8 0.5965511202812195
52 0.7297297297297297 0.6032318666174605 0.75 0.6186814069747925
53 0.704954954954955 0.6036926373705134 0.775 0.6008510649204254
54 0.7252252252252253 0.6014779304061924 0.7 0.6371101915836335
55 0.7252252252252253 0.6002171877268199 0.825 0.5895755410194397
56 0.7342342342342343 0.5989394665838362 0.75 0.6219239175319672
57 0.6891891891891891 0.6013924654002663 0.775 0.6168059706687927
58 0.7387387387387387 0.597625140939747 0.825 0.5860081017017365
59 0.722972972972973 0.5979713249850918 0.8 0.6048757612705231
60 0.7297297297297297 0.5981112278259553 0.775 0.6014699459075927
61 0.7364864864864865 0.5980862089105554 0.725 0.6272615671157837
62 0.7207207207207207 0.5972332245594746 0.75 0.6105104684829712
63 0.7162162162162162 0.5978471867673032 0.775 0.6062053084373474
64 0.7207207207207207 0.5999834674435693 0.775 0.6089304983615875
65 0.7274774774774775 0.5938401729673952 0.825 0.5900522172451019
66 0.7297297297297297 0.5940781109504871 0.725 0.6348968207836151
67 0.7387387387387387 0.5984030306876242 0.8 0.5924432814121247
68 0.7252252252252253 0.5946598963157551 0.8 0.6051814079284668
69 0.7387387387387387 0.593375159008009 0.775 0.6121165573596954
70 0.7342342342342343 0.5957829195099908 0.75 0.6005523204803467
71 0.7454954954954955 0.5923934321145754 0.775 0.6182398438453675
72 0.713963963963964 0.5944381517332953 0.75 0.6141428589820862
73 0.7432432432432432 0.59291870180551 0.75 0.6181512743234634
74 0.7117117117117117 0.5946922307615882 0.825 0.5962213456630707
75 0.7319819819819819 0.5894498988851771 0.75 0.610019987821579
76 0.7274774774774775 0.5955177827461345 0.75 0.6161109149456024
77 0.7252252252252253 0.591471333761473 0.85 0.5852005690336227
78 0.7274774774774775 0.5938267514512345 0.725 0.6198341190814972
79 0.7207207207207207 0.5894169853077279 0.825 0.5923436611890793
80 0.7252252252252253 0.5923292107947238 0.725 0.6303834557533264
81 0.7342342342342343 0.5891259637501862 0.825 0.5958300292491913
82 0.7319819819819819 0.5909177631408244 0.75 0.6111639112234115
83 0.7274774774774775 0.5923177849602055 0.75 0.6216402530670166
84 0.7342342342342343 0.5912135597821828 0.8 0.6013698756694794
85 0.7342342342342343 0.5898651346430048 0.725 0.6295062184333802
86 0.7184684684684685 0.5919508668216499 0.825 0.5975058138370514
87 0.7387387387387387 0.5881599826855702 0.75 0.6069646775722504
88 0.7184684684684685 0.5915211044453286 0.725 0.6089845359325409
89 0.7297297297297297 0.5885093684669014 0.8 0.5921023309230804
90 0.7252252252252253 0.5902823937368823 0.65 0.6405155122280121
91 0.7274774774774775 0.5887242770409798 0.8 0.593233174085617
92 0.7387387387387387 0.5882810332753636 0.8 0.6003864586353302
93 0.7094594594594594 0.5925655284443417 0.675 0.6474318087100983
94 0.7342342342342343 0.5901209725452973 0.8 0.5931676626205444
95 0.7252252252252253 0.5874925551113782 0.8 0.5996285378932953
96 0.7319819819819819 0.588131003551655 0.75 0.6227424502372741
97 0.7319819819819819 0.5900192035211099 0.8 0.6071418642997741
98 0.7297297297297297 0.5878727868333593 0.775 0.6112057447433472
99 0.7252252252252253 0.5879644520647891 0.7 0.619575047492981
100 0.7252252252252253 0.5882475180131895 0.8 0.6148870676755905
101 0.7319819819819819 0.586131969282219 0.7 0.6142631590366363
102 0.7252252252252253 0.5863568973433864 0.8 0.5918169319629669
103 0.7274774774774775 0.5896482099820902 0.75 0.6177868366241455
104 0.722972972972973 0.5877740874483779 0.75 0.6089569985866546
105 0.7274774774774775 0.5889466710992761 0.775 0.6157389223575592
106 0.7432432432432432 0.5838790334559776 0.725 0.6086204051971436
107 0.7162162162162162 0.5895135440267958 0.725 0.6394865155220032
108 0.7319819819819819 0.5864973205166895 0.85 0.5783867418766022
109 0.7387387387387387 0.5878050321931237 0.8 0.6253031015396118
110 0.7274774774774775 0.5853036958892066 0.75 0.6071105480194092
111 0.7319819819819819 0.5896888778016374 0.825 0.6093535900115967
112 0.7297297297297297 0.5834208485242482 0.775 0.6110176563262939
113 0.7274774774774775 0.5866562861043054 0.75 0.6254842877388
114 0.7319819819819819 0.5857982560321018 0.8 0.5985223680734635
115 0.7319819819819819 0.5858770235701725 0.8 0.6075738370418549
116 0.7252252252252253 0.5885289255026225 0.675 0.6283662259578705
117 0.7342342342342343 0.58514747667957 0.8 0.6155185520648956
118 0.7274774774774775 0.5841786920487344 0.775 0.6138395190238952
119 0.7297297297297297 0.5856719266723942 0.75 0.6179204285144806
120 0.7207207207207207 0.5866142503313116 0.8 0.624772310256958
121 0.7319819819819819 0.585750466262972 0.875 0.5772257030010224
122 0.7297297297297297 0.5846682958774738 0.775 0.6167696654796601
123 0.7319819819819819 0.5854492686890267 0.75 0.6277414470911026
124 0.7364864864864865 0.5838576488129728 0.85 0.6136404633522033
125 0.722972972972973 0.5864254271124935 0.8 0.6136957883834839
126 0.7207207207207207 0.5876187155912588 0.775 0.6075850486755371
127 0.7364864864864865 0.582896787304062 0.75 0.6080247044563294
128 0.7297297297297297 0.585400928785135 0.8 0.6189987301826477
129 0.7297297297297297 0.5854388448569152 0.8 0.6264251589775085
130 0.7342342342342343 0.5841881611325719 0.85 0.5999612033367157
131 0.7342342342342343 0.5830274261869826 0.775 0.6266131460666656
132 0.7184684684684685 0.5873548600587759 0.85 0.6106828868389129
133 0.7342342342342343 0.5831465015003273 0.8 0.6231958031654358
134 0.7342342342342343 0.5818608685119732 0.8 0.6051189750432968
135 0.7274774774774775 0.5852179127233522 0.85 0.6043334454298019
136 0.7319819819819819 0.5859762755063203 0.75 0.6392198324203491
137 0.7364864864864865 0.5830755768058536 0.85 0.6142254710197449
138 0.7364864864864865 0.5850009528903274 0.9 0.5808351159095764
139 0.7319819819819819 0.5845338084676244 0.8 0.6292366474866867
140 0.7364864864864865 0.584560955966915 0.775 0.605869859457016
141 0.7342342342342343 0.583068094811998 0.85 0.6117171943187714
142 0.722972972972973 0.5879427702040285 0.8 0.6232937574386597
143 0.7454954954954955 0.5787021179456968 0.8 0.6174905598163605
144 0.7252252252252253 0.584356850331968 0.85 0.6119601428508759
145 0.7342342342342343 0.5836266939704483 0.8 0.6136576473712921
146 0.7319819819819819 0.5845601609698287 0.825 0.6231032907962799
147 0.7274774774774775 0.5829255215756528 0.875 0.5924050062894821
148 0.7319819819819819 0.5836238326790096 0.825 0.6185627520084381
149 0.7274774774774775 0.5836599724249797 0.775 0.6373133361339569
