0 0.5126728110599078 0.7343797763371798 0.525 0.7245454430580139
1 0.5610599078341014 0.68407561702113 0.8375 0.5708383470773697
2 0.7776497695852534 0.5747647963910608 0.8875 0.5103038057684899
3 0.7914746543778802 0.5573667519927574 0.85 0.533360755443573
4 0.782258064516129 0.5452872411721313 0.6375 0.5678831562399864
5 0.7880184331797235 0.5439072933889204 0.85 0.5214601159095764
6 0.793778801843318 0.5367891664878564 0.8875 0.49357127249240873
7 0.8018433179723502 0.5313785530729778 0.9125 0.49474126696586607
8 0.8018433179723502 0.5287710086266566 0.6125 0.5843766823410987
9 0.7868663594470046 0.5306932909697432 0.8625 0.49541583508253095
10 0.8087557603686636 0.5272106305794781 0.875 0.49457539319992067
11 0.8064516129032258 0.523489103064559 0.8375 0.5049315348267556
12 0.8087557603686636 0.5229193833291805 0.8875 0.47253980338573454
13 0.8087557603686636 0.5202918606145042 0.75 0.522619965672493
14 0.8145161290322581 0.5187876979876224 0.8875 0.4899548813700676
15 0.8029953917050692 0.5208402127714201 0.875 0.4848790943622589
16 0.8122119815668203 0.5117443096802531 0.9 0.46866325438022616
17 0.8214285714285714 0.5106653972155487 0.8625 0.48671906590461733
18 0.8248847926267281 0.5089620420460328 0.8875 0.474580380320549
19 0.8306451612903226 0.502969045106167 0.825 0.49074390679597857
20 0.8214285714285714 0.5043907779427718 0.85 0.47832420468330383
21 0.8456221198156681 0.4983413939102454 0.8625 0.46074540764093397
22 0.8433179723502304 0.4971620819535673 0.8375 0.4746803268790245
23 0.8421658986175116 0.4922428856247581 0.875 0.4557281032204628
24 0.8467741935483871 0.48925432192015755 0.85 0.47395465075969695
25 0.8398617511520737 0.48726063238860273 0.7875 0.4867921158671379
26 0.8375576036866359 0.48642133169459856 0.8 0.47017078250646593
27 0.8640552995391705 0.48116043800582536 0.8625 0.4647902980446815
28 0.8571428571428571 0.47795039415359497 0.8625 0.4721966177225113
29 0.8605990783410138 0.4730358825575921 0.7875 0.4986777797341347
30 0.8629032258064516 0.4706093704645535 0.8 0.47606778889894485
31 0.8663594470046083 0.4709293593734091 0.8625 0.4624313309788704
32 0.8663594470046083 0.4675964769405154 0.8125 0.4831215590238571
33 0.8709677419354839 0.46459709773964597 0.7875 0.48815378695726397
34 0.8732718894009217 0.46533489405834183 0.8375 0.4748946845531464
35 0.8744239631336406 0.46042408989871153 0.8125 0.4702963247895241
36 0.868663594470046 0.4595593371973609 0.85 0.45701649487018586
37 0.880184331797235 0.45575163056773527 0.8125 0.4950417369604111
38 0.8652073732718893 0.45879829039771436 0.85 0.45514860153198244
39 0.8663594470046083 0.45866011158661907 0.8125 0.471516989171505
40 0.8767281105990783 0.45275435661939983 0.8125 0.47502329349517824
41 0.8721198156682027 0.454044576339458 0.85 0.4532212376594543
42 0.8767281105990783 0.45300485324200396 0.8125 0.4780530959367752
43 0.8755760368663594 0.4528581758248641 0.7625 0.4933285892009735
44 0.8721198156682027 0.4507403138870468 0.8625 0.4447293385863304
45 0.8790322580645161 0.44776211699582463 0.8625 0.4372454062104225
46 0.8767281105990783 0.44691312120806787 0.8125 0.46951999664306643
47 0.8755760368663594 0.4503267426644602 0.875 0.4512446314096451
48 0.880184331797235 0.44494766642421074 0.825 0.4753601402044296
49 0.8755760368663594 0.4468383607776484 0.85 0.4597726508975029
50 0.881336405529954 0.44292063963028694 0.825 0.45395842641592027
51 0.8836405529953917 0.44294025422790634 0.85 0.4532694146037102
52 0.8790322580645161 0.4417339851779322 0.85 0.4352313935756683
53 0.8882488479262672 0.4403117349894915 0.825 0.45894905626773835
54 0.8836405529953917 0.4408536328148732 0.8125 0.4758582517504692
55 0.8859447004608295 0.4392635116379382 0.8375 0.458830888569355
56 0.8790322580645161 0.4400685084854952 0.85 0.4423278242349625
57 0.8928571428571429 0.43627353184234163 0.8375 0.4514366239309311
58 0.8894009216589862 0.43599053255973325 0.8375 0.46086523979902266
59 0.8836405529953917 0.437169709925278 0.875 0.43988538682460787
60 0.8905529953917051 0.43542428939573224 0.8375 0.4551954835653305
61 0.8974654377880185 0.43363673895734794 0.8375 0.45642376989126204
62 0.880184331797235 0.43432664459202147 0.8625 0.44265699088573457
63 0.8951612903225806 0.43166651964736974 0.875 0.43139705061912537
64 0.8940092165898618 0.43141020690241166 0.825 0.45468323230743407
65 0.8997695852534562 0.42940728812723117 0.85 0.44866025894880296
66 0.8951612903225806 0.43117877126838755 0.875 0.43661393225193024
67 0.8997695852534562 0.4256347448045757 0.8625 0.43906913995742797
68 0.8940092165898618 0.4271775946913776 0.85 0.4355233058333397
69 0.8997695852534562 0.4274309133329699 0.85 0.4483757302165031
70 0.8951612903225806 0.42417458935816715 0.8625 0.4353549748659134
71 0.8951612903225806 0.4271157419626614 0.8625 0.4345072627067566
72 0.8986175115207373 0.42290609594314327 0.875 0.42968834191560745
73 0.8963133640552995 0.42425435245861104 0.8375 0.45265052616596224
74 0.9101382488479263 0.42108930640506304 0.8875 0.4206671804189682
75 0.902073732718894 0.4207381170740875 0.8375 0.4373786777257919
76 0.9055299539170507 0.42301197192086604 0.875 0.42411317825317385
77 0.9055299539170507 0.41972144531764194 0.8625 0.4283807322382927
78 0.902073732718894 0.41991864371409615 0.875 0.42511640042066573
79 0.8974654377880185 0.41918766196422313 0.8875 0.4035276547074318
80 0.9066820276497696 0.41776828845525116 0.8375 0.44213622957468035
81 0.9055299539170507 0.41790433070077326 0.8875 0.40606881529092786
82 0.9066820276497696 0.41740830400572393 0.8875 0.4091548234224319
83 0.9066820276497696 0.417190914604521 0.8625 0.42375575602054594
84 0.9066820276497696 0.4167297313564933 0.85 0.4304064467549324
85 0.9112903225806451 0.41434643963514933 0.875 0.4126107469201088
86 0.9066820276497696 0.4159800156195592 0.8375 0.43600164651870726
87 0.9112903225806451 0.4143148751302798 0.875 0.4144494965672493
88 0.9089861751152074 0.41435918967295354 0.8875 0.404403381049633
89 0.9112903225806451 0.4129861546551577 0.8375 0.43125596791505816
90 0.9112903225806451 0.41295476333336895 0.8875 0.41166411340236664
91 0.9124423963133641 0.4126103808802943 0.8875 0.41035302728414536
92 0.9158986175115207 0.4112114547859139 0.8625 0.41018250286579133
93 0.9089861751152074 0.41062627121600137 0.875 0.4185163274407387
94 0.913594470046083 0.41108551291826134 0.8875 0.4042113110423088
95 0.9124423963133641 0.4110427707571038 0.8625 0.4195095121860504
96 0.9170506912442397 0.4101076284037208 0.9 0.39817084223031995
97 0.9158986175115207 0.40895704313906656 0.8875 0.4139556497335434
98 0.913594470046083 0.4095353132568746 0.8875 0.3972782537341118
99 0.913594470046083 0.41082708887790204 0.8625 0.41498985290527346
100 0.9193548387096774 0.4074052095687884 0.8875 0.40129948407411575
101 0.9193548387096774 0.4072653967114638 0.875 0.4065625861287117
102 0.9193548387096774 0.4072520724639365 0.875 0.4110084891319275
103 0.913594470046083 0.40683350049405603 0.9125 0.3898327097296715
104 0.9182027649769585 0.40679164182755256 0.8625 0.41189831495285034
105 0.9193548387096774 0.4056279894119034 0.8875 0.4128753378987312
106 0.9193548387096774 0.40565548418304337 0.875 0.4064662307500839
107 0.9205069124423964 0.4046179718136238 0.9 0.3954442247748375
108 0.9205069124423964 0.40474284024831886 0.875 0.40466284155845644
109 0.9216589861751152 0.40447351322745395 0.8875 0.4024715438485146
110 0.9182027649769585 0.4059843478664275 0.875 0.4219693496823311
111 0.9228110599078341 0.40299006087988753 0.9125 0.3932474091649055
112 0.9216589861751152 0.40234174033463826 0.9125 0.3974563717842102
113 0.9205069124423964 0.4034461471067596 0.875 0.40501009970903395
114 0.9216589861751152 0.40291475604206733 0.8625 0.41746126413345336
115 0.9216589861751152 0.4022523983282977 0.9625 0.3721421331167221
116 0.9182027649769585 0.4031985415841028 0.875 0.4137238755822182
117 0.9228110599078341 0.40079938335352777 0.925 0.3838615044951439
118 0.9205069124423964 0.4024777607434356 0.925 0.3875982418656349
119 0.9251152073732719 0.4011857015196629 0.9 0.4024822399020195
120 0.9228110599078341 0.40064636614465493 0.8875 0.4025909394025803
121 0.9228110599078341 0.4004797837975937 0.9125 0.3943646773695946
122 0.9251152073732719 0.4014838403820442 0.9125 0.39559423327445986
123 0.923963133640553 0.40033242408581043 0.9 0.3996533900499344
124 0.9216589861751152 0.4002408015837867 0.8875 0.4225958794355392
125 0.9262672811059908 0.3982210049431445 0.95 0.3724993973970413
126 0.9205069124423964 0.40101863931400983 0.925 0.3900656118988991
127 0.9228110599078341 0.3977256619161175 0.8875 0.40425858944654464
128 0.9285714285714286 0.3982561119415793 0.9375 0.3840233251452446
129 0.9262672811059908 0.3996352392682282 0.925 0.3885038048028946
130 0.9262672811059908 0.39788909647871273 0.925 0.4060493543744087
131 0.9262672811059908 0.398317500880237 0.925 0.3904219031333923
132 0.9262672811059908 0.3993521795569477 0.925 0.38398543298244475
133 0.9285714285714286 0.39647974561436383 0.9 0.4025660276412964
134 0.9285714285714286 0.39797371310023116 0.925 0.3854334592819214
135 0.9274193548387096 0.3974944750010143 0.9125 0.40160285830497744
136 0.9297235023041475 0.396200149702037 0.925 0.3884589359164238
137 0.9285714285714286 0.39828301437439456 0.925 0.3957804128527641
138 0.9274193548387096 0.39586163583439066 0.925 0.3832236886024475
139 0.9331797235023042 0.3963227623618693 0.925 0.39489253163337706
140 0.9274193548387096 0.3970187427261458 0.925 0.39298427253961565
141 0.9297235023041475 0.39731526580823734 0.925 0.3992122679948807
142 0.9366359447004609 0.3931154909496483 0.925 0.39416221976280214
143 0.9297235023041475 0.3962308340083619 0.925 0.3879665344953537
144 0.9297235023041475 0.39751454404971565 0.9375 0.3912995919585228
145 0.9354838709677419 0.39426159062143845 0.9375 0.3837164431810379
146 0.9285714285714286 0.39618805119518863 0.9375 0.39231340289115907
147 0.9320276497695853 0.3944248314002692 0.9375 0.3938596978783607
148 0.9331797235023042 0.39460711792317404 0.925 0.3870352923870087
149 0.9308755760368663 0.39589743680118966 0.9375 0.3875297844409943
150 0.9331797235023042 0.39328031990385276 0.9375 0.3904453903436661
151 0.9331797235023042 0.3947528926183551 0.9 0.41279558539390565
152 0.9331797235023042 0.39394636884812384 0.9625 0.364601294696331
153 0.9320276497695853 0.3946642525459764 0.95 0.3960385829210281
154 0.9320276497695853 0.39409684091119723 0.95 0.38110367208719254
155 0.9320276497695853 0.3933776474218764 0.9125 0.3971217542886734
156 0.9297235023041475 0.396212751002905 0.95 0.3841914564371109
157 0.9331797235023042 0.39333815371385916 0.95 0.3871967449784279
158 0.934331797235023 0.3919086272266054 0.95 0.3878668129444122
159 0.9308755760368663 0.39478046855618876 0.95 0.3895051941275597
