0 0.5161290322580645 0.6944535566914466 0.6 0.6411845684051514
1 0.7396313364055299 0.6040083146589692 0.875 0.556304632127285
2 0.793778801843318 0.5533446359194918 0.925 0.5165435150265694
3 0.8133640552995391 0.5371764321481028 0.875 0.5339974761009216
4 0.8099078341013825 0.5301791451493716 0.6375 0.5699260205030441
5 0.8099078341013825 0.528955114464606 0.825 0.5244407743215561
6 0.8179723502304147 0.5262702656781069 0.9125 0.513895170390606
7 0.8306451612903226 0.5227766979125238 0.9375 0.5059484973549843
8 0.8317972350230415 0.5198424086318038 0.6 0.5896505117416382
9 0.8214285714285714 0.5222873568260176 0.9125 0.507537491619587
10 0.8283410138248848 0.5197003393129269 0.8125 0.5158866822719574
11 0.8214285714285714 0.5160938837835866 0.7625 0.5335217505693436
12 0.8271889400921659 0.516050094008995 0.9 0.4979478016495705
13 0.8248847926267281 0.5142885873669304 0.7625 0.5295499280095101
14 0.8271889400921659 0.5141426175146059 0.8625 0.5200210765004158
15 0.8202764976958525 0.5126766563835232 0.825 0.5029302269220353
16 0.836405529953917 0.5049003865312321 0.9 0.4903292372822762
17 0.836405529953917 0.5045070193604939 0.8625 0.5008914142847061
18 0.8317972350230415 0.5030060133077032 0.9 0.4889440432190895
19 0.836405529953917 0.49955460690133585 0.85 0.5050085440278054
20 0.8375576036866359 0.5001018015745049 0.8125 0.5071799501776695
21 0.8513824884792627 0.4946373217666204 0.9125 0.47603435814380646
22 0.8559907834101382 0.4949806436964993 0.875 0.4912492424249649
23 0.8571428571428571 0.4916577218315019 0.9 0.47086759060621264
24 0.8582949308755761 0.4889403611833599 0.875 0.48007854372262954
25 0.8594470046082949 0.4875166175826903 0.8375 0.49241476207971574
26 0.8502304147465438 0.4867275133385636 0.9 0.4666497305035591
27 0.8617511520737328 0.48266859840138165 0.9 0.47376019805669783
28 0.8594470046082949 0.48107290432749805 0.8625 0.4760844334959984
29 0.8663594470046083 0.47763857217977673 0.8625 0.47672390937805176
30 0.8663594470046083 0.4784874064581735 0.875 0.4771378368139267
31 0.8663594470046083 0.4752752618855595 0.8625 0.4725090816617012
32 0.8755760368663594 0.47311530794416157 0.875 0.4809806033968925
33 0.8744239631336406 0.4708269021478117 0.9 0.456406706571579
34 0.8778801843317973 0.4679327707411507 0.875 0.45315177738666534
35 0.8709677419354839 0.46677072545350423 0.9 0.4531278222799301
36 0.8675115207373272 0.46350935238846985 0.825 0.47312563508749006
37 0.880184331797235 0.4643280834371593 0.875 0.4597607657313347
38 0.881336405529954 0.4597118388397902 0.9 0.45851330906152726
39 0.8778801843317973 0.45807206452167526 0.8875 0.44853666573762896
40 0.8882488479262672 0.4586302048874341 0.8625 0.46347197741270063
41 0.8859447004608295 0.4551676745238941 0.8625 0.458783908188343
42 0.8847926267281107 0.45448360643628555 0.85 0.4551477715373039
43 0.8928571428571429 0.4506380897238507 0.85 0.4548603266477585
44 0.8894009216589862 0.4508286309407054 0.825 0.4726421102881432
45 0.8940092165898618 0.44755199922394645 0.8625 0.44657514095306394
46 0.8882488479262672 0.44752961822918486 0.8625 0.4562407523393631
47 0.8905529953917051 0.4482118392594948 0.8375 0.4536080166697502
48 0.902073732718894 0.44388600607072154 0.8375 0.454139806330204
49 0.8951612903225806 0.44386550083687776 0.8375 0.4597141817212105
50 0.8859447004608295 0.4427134901422509 0.9 0.4311837375164032
51 0.8951612903225806 0.44175396111154336 0.8125 0.46862864792346953
52 0.8986175115207373 0.44023324240187894 0.85 0.4399288594722748
53 0.8928571428571429 0.439939051042504 0.8625 0.4372740775346756
54 0.8951612903225806 0.44030654801201713 0.825 0.4574861451983452
55 0.8963133640552995 0.4390077448110976 0.8125 0.46646312773227694
56 0.902073732718894 0.43758427341412837 0.8375 0.4489553451538086
57 0.8963133640552995 0.4387949478516381 0.7875 0.4665826603770256
58 0.8963133640552995 0.43586083175399887 0.8375 0.45109240114688876
59 0.8963133640552995 0.4350390410917695 0.85 0.4416903004050255
60 0.8997695852534562 0.4326169239485868 0.7875 0.47011696398258207
61 0.8986175115207373 0.4358325276506661 0.875 0.4451966568827629
62 0.8974654377880185 0.43401298544923284 0.8125 0.4589962691068649
63 0.8997695852534562 0.43356481702646354 0.8375 0.44464031606912613
64 0.8974654377880185 0.43260302961147323 0.8 0.46215547025203707
65 0.8986175115207373 0.4327104452842941 0.8375 0.44008203595876694
66 0.8986175115207373 0.4325766575775938 0.8375 0.4594744727015495
67 0.8997695852534562 0.4314618223273809 0.8875 0.4345968410372734
68 0.8963133640552995 0.42992364481297507 0.8 0.4593063786625862
69 0.9043778801843319 0.430624364021187 0.8625 0.435094578564167
70 0.8951612903225806 0.4312387093695627 0.825 0.4546742409467697
71 0.902073732718894 0.4296749966210484 0.825 0.4422837316989899
72 0.9032258064516129 0.4295119519607263 0.8125 0.4494579255580902
73 0.9066820276497696 0.427693381562211 0.8125 0.45495730340480806
74 0.9078341013824884 0.4271077281593727 0.85 0.43094209879636763
75 0.9043778801843319 0.4278010981423514 0.8125 0.45466629415750504
76 0.902073732718894 0.42762987240118916 0.8 0.4631728187203407
77 0.9032258064516129 0.4262641282400228 0.825 0.4528617084026337
78 0.9043778801843319 0.42612770158574326 0.8375 0.4423000827431679
79 0.9009216589861752 0.4263218510810131 0.825 0.4518782556056976
