0 0.5117370892018779 0.7319418010017682 0.575 0.7110398977994918
1 0.5223004694835681 0.7097724941974515 0.55 0.6858090668916702
2 0.6795774647887324 0.6248809913514366 0.85 0.5935148000717163
3 0.7816901408450704 0.5749584047447348 0.6625 0.6019839003682137
4 0.7699530516431925 0.5692654800526973 0.8125 0.5679101273417473
5 0.7828638497652582 0.5615327011251674 0.85 0.5581910118460656
6 0.7746478873239436 0.5525670998812842 0.6625 0.5843317911028862
7 0.7875586854460094 0.5448145057673746 0.6625 0.5984646141529083
8 0.7711267605633803 0.5457143787766846 0.6625 0.5865325972437858
9 0.7992957746478874 0.5382997548915971 0.775 0.5541108295321464
10 0.8028169014084507 0.5356645169952106 0.8375 0.5580315455794335
11 0.7910798122065728 0.5358685358589244 0.85 0.5389375910162926
12 0.795774647887324 0.533700082503574 0.825 0.5530636757612228
13 0.7981220657276995 0.5332555859021737 0.7625 0.5422070309519768
14 0.7981220657276995 0.5314415336494714 0.7875 0.5428975835442543
15 0.7992957746478874 0.5295217209298846 0.7125 0.5624189957976341
16 0.8098591549295775 0.5245304654741512 0.6625 0.5562082201242446
17 0.8086854460093896 0.5221682898875134 0.7875 0.544235135614872
18 0.8075117370892019 0.5235032421042661 0.675 0.560093404352665
19 0.8098591549295775 0.5212087536082022 0.7125 0.5466612368822098
20 0.8133802816901409 0.5184957187780193 0.725 0.5599736705422401
21 0.8157276995305164 0.5160258977625851 0.7375 0.5422105222940445
22 0.818075117370892 0.5128913601519356 0.725 0.5475719109177589
23 0.8063380281690141 0.514224671282119 0.75 0.5334650620818138
24 0.8274647887323944 0.5080303793222132 0.75 0.5371294602751732
25 0.8309859154929577 0.5058489230596963 0.8375 0.5056855857372284
26 0.82981220657277 0.504807366591664 0.7375 0.542227640748024
27 0.8333333333333334 0.5022615746992855 0.7875 0.5134307846426964
28 0.8497652582159625 0.4973466375344236 0.75 0.5227900877594948
29 0.8380281690140845 0.49651006353852895 0.8 0.5112079173326493
30 0.8532863849765259 0.4934690078379403 0.7375 0.5485472902655602
31 0.8392018779342723 0.49368338881523954 0.7625 0.5273331120610237
32 0.8485915492957746 0.4893452190737209 0.725 0.5488860368728637
33 0.8532863849765259 0.486938390933292 0.7875 0.5064995840191842
34 0.8603286384976526 0.48415548728665275 0.8125 0.504671348631382
35 0.8650234741784038 0.4841786804893207 0.7875 0.5046612918376923
36 0.8615023474178404 0.4796476271790518 0.8375 0.4944227680563927
37 0.8626760563380281 0.479355083804735 0.7625 0.5181181743741036
38 0.8732394366197183 0.47566818827194784 0.7875 0.5008922278881073
39 0.8673708920187794 0.4734199284947534 0.8125 0.48856576830148696
40 0.8673708920187794 0.4730816135104273 0.8375 0.4992730125784874
41 0.8779342723004695 0.46934702614663354 0.825 0.5019184350967407
42 0.8673708920187794 0.46602761591544173 0.8625 0.47431215047836306
43 0.8767605633802817 0.46765549110135 0.825 0.49586609452962876
44 0.8802816901408451 0.46335821994033777 0.775 0.5123853236436844
45 0.8814553990610329 0.460662025381142 0.7875 0.5073511227965355
46 0.8767605633802817 0.46124220831853124 0.85 0.4879468008875847
47 0.8779342723004695 0.4588814286838675 0.8375 0.4917975693941116
48 0.8826291079812206 0.45796876809966397 0.85 0.4822686895728111
49 0.8884976525821596 0.4579428803752845 0.7875 0.5195464268326759
50 0.8838028169014085 0.4543805074803706 0.85 0.46970346122980117
51 0.8884976525821596 0.4524254889835214 0.775 0.51560038626194
52 0.8849765258215962 0.4559567434966844 0.85 0.4724009245634079
53 0.8908450704225352 0.4490582478438185 0.7625 0.5247488275170327
54 0.8896713615023474 0.45211450202923986 0.825 0.49380622506141664
55 0.886150234741784 0.4496673418322639 0.8125 0.4955276593565941
56 0.886150234741784 0.4495088965959952 0.825 0.48582687973976135
57 0.8896713615023474 0.448277149681754 0.8 0.4952215373516083
58 0.8896713615023474 0.44712591870849683 0.8375 0.48514789044857026
59 0.8943661971830986 0.44414484388951403 0.85 0.46696704924106597
60 0.8849765258215962 0.4460611980006169 0.8375 0.4654840022325516
61 0.8896713615023474 0.4447514234294354 0.8125 0.4943570151925087
62 0.8884976525821596 0.4429537508409348 0.8625 0.4662388116121292
63 0.8873239436619719 0.44369420241302165 0.8375 0.46002192348241805
64 0.892018779342723 0.44231738269049237 0.8 0.5058719769120217
65 0.8955399061032864 0.4417536784785454 0.875 0.45042581111192703
66 0.8896713615023474 0.44073526232455257 0.8 0.4961236596107483
67 0.8943661971830986 0.4413145818340946 0.8125 0.4949325770139694
68 0.8943661971830986 0.4396517450261004 0.8 0.4715992480516434
69 0.8896713615023474 0.4396532102369926 0.85 0.46818279922008516
70 0.9002347417840375 0.43850086244618947 0.825 0.49015275835990907
71 0.9002347417840375 0.43829691284139394 0.85 0.4560465350747108
72 0.8967136150234741 0.43609917079898675 0.825 0.4821373626589775
73 0.897887323943662 0.4373715964841171 0.8375 0.47898545414209365
74 0.8955399061032864 0.4370149684623933 0.85 0.4659858375787735
75 0.9002347417840375 0.4353411590829142 0.8375 0.4858607217669487
76 0.892018779342723 0.43499452029595354 0.85 0.4698165938258171
77 0.897887323943662 0.4357918083947589 0.825 0.4817017033696175
78 0.9061032863849765 0.4323627421273872 0.8375 0.45485697537660597
79 0.8943661971830986 0.43483853368132325 0.875 0.44207402169704435
80 0.8943661971830986 0.43352546070663023 0.8625 0.4508383020758629
81 0.9002347417840375 0.4323134637774436 0.8125 0.5054731518030167
82 0.897887323943662 0.43084987144514986 0.8375 0.46024432629346845
83 0.897887323943662 0.4299763904211107 0.85 0.4442219063639641
84 0.9014084507042254 0.430885502290278 0.825 0.4720569670200348
85 0.8955399061032864 0.43105062786402276 0.8 0.4784889206290245
86 0.9025821596244131 0.42946645785385457 0.8375 0.4541842803359032
87 0.9025821596244131 0.42885072648245404 0.85 0.47103443592786787
88 0.9049295774647887 0.4284651409572279 0.8125 0.4557167887687683
89 0.9061032863849765 0.42956696835482067 0.8375 0.46781571209430695
90 0.903755868544601 0.427287199127842 0.825 0.46869616508483886
91 0.9061032863849765 0.427788967537768 0.85 0.45431437641382216
92 0.9072769953051644 0.42677849950924723 0.8375 0.46864291876554487
93 0.9025821596244131 0.42716950457980374 0.875 0.44911365360021593
94 0.9049295774647887 0.42816499365327504 0.8375 0.4748668223619461
95 0.9119718309859155 0.42442308345311125 0.8125 0.4753595769405365
96 0.9084507042253521 0.4262335482337665 0.8625 0.44425182342529296
97 0.9025821596244131 0.4246102750581195 0.85 0.4637634173035622
98 0.9131455399061033 0.42353793447006477 0.7875 0.48814181983470917
99 0.9119718309859155 0.4237544858399691 0.85 0.45211327373981475
100 0.9072769953051644 0.42318528358925117 0.825 0.4705521687865257
101 0.9072769953051644 0.42269286163536035 0.8375 0.4587524875998497
102 0.9154929577464789 0.4227392705673343 0.8375 0.4692776665091515
103 0.9096244131455399 0.42434600989023846 0.875 0.435891230404377
104 0.9096244131455399 0.42304724468871463 0.8375 0.46477908194065093
105 0.9107981220657277 0.4218131321976442 0.825 0.4727055951952934
106 0.9096244131455399 0.4212693800109093 0.8375 0.45992312878370284
107 0.9119718309859155 0.42171450358041573 0.825 0.4614864975214005
108 0.9107981220657277 0.42287277573710874 0.825 0.46390924155712127
109 0.9107981220657277 0.4218520180720119 0.8375 0.45506538897752763
110 0.9119718309859155 0.42110833805491665 0.8375 0.4566714376211166
111 0.9131455399061033 0.42128796336796365 0.85 0.4592971444129944
112 0.9107981220657277 0.4214352286757438 0.8 0.4776153564453125
113 0.9107981220657277 0.4197983720772703 0.8375 0.4440677329897881
114 0.9131455399061033 0.4207157869014382 0.775 0.49502809047698976
115 0.9072769953051644 0.4186024867313009 0.875 0.44158640801906585
116 0.9107981220657277 0.4191541375128876 0.8375 0.47338697165250776
117 0.9166666666666666 0.42013572625151263 0.825 0.4623652443289757
118 0.9119718309859155 0.4195569806815313 0.8 0.4795887961983681
119 0.9131455399061033 0.4187534683746911 0.8375 0.4484733060002327
120 0.9131455399061033 0.41881276226379505 0.875 0.4482039362192154
121 0.9166666666666666 0.4188373614924614 0.775 0.49006776660680773
122 0.9119718309859155 0.417360180980163 0.85 0.45986013412475585
123 0.9166666666666666 0.4185446471395627 0.825 0.4594714388251305
124 0.9154929577464789 0.4188378306341843 0.8375 0.44522336274385454
125 0.9166666666666666 0.41587461636100015 0.825 0.46400070786476133
126 0.9166666666666666 0.41831445288210406 0.8 0.4724694162607193
127 0.9178403755868545 0.4165581512339238 0.8375 0.45330672711133957
128 0.9143192488262911 0.41761763400874785 0.775 0.4921636819839478
129 0.9190140845070423 0.41765668988227844 0.8625 0.4534753873944283
130 0.9190140845070423 0.41586983469730254 0.8125 0.46791886538267136
131 0.9119718309859155 0.4162481383818416 0.8375 0.4571313574910164
132 0.9154929577464789 0.41637393426447405 0.825 0.468583944439888
133 0.9107981220657277 0.41579710891549015 0.8625 0.4224760293960571
134 0.9166666666666666 0.41590086437167134 0.8375 0.4663625657558441
135 0.9190140845070423 0.41583580660148406 0.8 0.4830527529120445
136 0.92018779342723 0.4148348908469151 0.8375 0.4530217632651329
137 0.9166666666666666 0.4160455802516758 0.8375 0.4516304567456245
138 0.92018779342723 0.4146793623205642 0.825 0.46153467446565627
139 0.9178403755868545 0.4145709584016755 0.825 0.4709369957447052
140 0.9190140845070423 0.41510564172771613 0.85 0.45453630536794665
141 0.9166666666666666 0.41522860764897485 0.8625 0.42934607416391374
142 0.9178403755868545 0.4150565630393409 0.8 0.46932546347379683
143 0.92018779342723 0.414135969160868 0.8375 0.446606408059597
144 0.9154929577464789 0.41413061173868854 0.775 0.49203381687402725
145 0.9190140845070423 0.41442056217104056 0.825 0.444103242456913
146 0.92018779342723 0.4161367221897197 0.8375 0.4567495331168175
147 0.9213615023474179 0.41230276254980774 0.825 0.4565578609704971
148 0.9190140845070423 0.41415072075078185 0.8 0.46464316099882125
149 0.9154929577464789 0.414046221355877 0.8375 0.45358067452907563
