0 0.49264705882352944 0.6933987158186296 0.5555555555555556 0.693160699473487
1 0.5147058823529411 0.69315779968804 0.4722222222222222 0.6940648423300849
2 0.5269607843137255 0.693175697443532 0.6111111111111112 0.692184136973487
3 0.5073529411764706 0.6931221046868492 0.5 0.6933346920543246
4 0.4583333333333333 0.6933080291046816 0.3888888888888889 0.6937899788220724
5 0.49264705882352944 0.693132655877693 0.4722222222222222 0.6935437851481967
6 0.5196078431372549 0.6929419625039194 0.5 0.693328148788876
7 0.5465686274509803 0.6925720426381803 0.5277777777777778 0.6935576730304294
8 0.553921568627451 0.6921784223294726 0.2777777777777778 0.6987975438435873
9 0.5098039215686274 0.6925512505512611 0.5277777777777778 0.6934411989318
10 0.5147058823529411 0.6915850399755964 0.2777777777777778 0.6963085002369351
11 0.5857843137254902 0.6904959257911233 0.5277777777777778 0.6943804224332174
12 0.5294117647058824 0.6907910248812508 0.4722222222222222 0.6953967875904508
13 0.5735294117647058 0.6871109546399584 0.4166666666666667 0.7008114920722114
14 0.5784313725490197 0.685062925605213 0.4722222222222222 0.7001100116305881
15 0.6078431372549019 0.6803184303582883 0.3333333333333333 0.7156055039829678
16 0.6053921568627451 0.6727245338991577 0.4722222222222222 0.7065561281310188
17 0.6004901960784313 0.6714881828018263 0.3888888888888889 0.7205456164148119
18 0.6102941176470589 0.6655560533205668 0.4444444444444444 0.71404586897956
19 0.6151960784313726 0.6583956047600391 0.3611111111111111 0.7403877311282687
20 0.6397058823529411 0.6547116888504402 0.3055555555555556 0.7486570874849955
21 0.6519607843137255 0.6554197464503494 0.3055555555555556 0.7421475913789537
22 0.6593137254901961 0.6487220105002908 0.4166666666666667 0.7226303286022611
23 0.7034313725490197 0.6416959411957684 0.2777777777777778 0.7579148941569858
24 0.678921568627451 0.6397734255182976 0.4166666666666667 0.7501721713278029
25 0.6838235294117647 0.6348932145857343 0.4722222222222222 0.7440968685679965
26 0.6887254901960784 0.6347642210768718 0.4444444444444444 0.7557373179329766
27 0.7279411764705882 0.6201353268880471 0.4722222222222222 0.7356735467910767
28 0.6887254901960784 0.630634674838945 0.3611111111111111 0.7665029366811117
29 0.7230392156862745 0.6162072694769093 0.4722222222222222 0.7453985081778632
30 0.7205882352941176 0.6083687491276685 0.3611111111111111 0.7740598122278849
31 0.7205882352941176 0.6104633001720204 0.3055555555555556 0.8063090244928995
32 0.7156862745098039 0.6063833555170134 0.4444444444444444 0.7791782352659438
33 0.7107843137254902 0.5959221276582456 0.4444444444444444 0.765241285165151
34 0.7181372549019608 0.6018732578731051 0.4722222222222222 0.7527946167522006
35 0.7352941176470589 0.5945073477193421 0.3888888888888889 0.7832359605365329
36 0.7352941176470589 0.5917208755717558 0.4166666666666667 0.7826835579342313
37 0.7426470588235294 0.5915660577661851 0.5277777777777778 0.7379009458753798
38 0.7598039215686274 0.5874542231653251 0.3055555555555556 0.8351548645231459
39 0.7573529411764706 0.5866301039270326 0.4722222222222222 0.7612327999538846
40 0.7647058823529411 0.5797212296256832 0.4444444444444444 0.7925311326980591
41 0.7475490196078431 0.580721020990727 0.3888888888888889 0.7915224962764316
42 0.7450980392156863 0.5740177567098655 0.4444444444444444 0.7641690969467163
43 0.7647058823529411 0.5725289074813619 0.4444444444444444 0.7943690617879232
44 0.7475490196078431 0.5752753749781964 0.4166666666666667 0.8009724815686544
45 0.7549019607843137 0.569654340837516 0.5 0.7736503945456611
46 0.7720588235294118 0.566127598285675 0.4444444444444444 0.766270101070404
47 0.7671568627450981 0.5686327949458477 0.4444444444444444 0.7673204143842062
48 0.7549019607843137 0.5640357309112362 0.4166666666666667 0.8207039766841464
49 0.7573529411764706 0.5704417088452507 0.4722222222222222 0.7810743583573235
50 0.7598039215686274 0.5588619790825189 0.5 0.773323827319675
51 0.7671568627450981 0.5586025297057395 0.5 0.778373294406467
52 0.7794117647058824 0.5556416873838387 0.3611111111111111 0.8295357889599271
53 0.7671568627450981 0.5573791259644079 0.4722222222222222 0.7855501770973206
54 0.7671568627450981 0.556533962780354 0.5277777777777778 0.7619159486558702
55 0.7720588235294118 0.5537777657017988 0.5 0.7543205817540487
56 0.7622549019607843 0.552340696255366 0.3888888888888889 0.8206837508413527
57 0.7647058823529411 0.5562381224305022 0.5277777777777778 0.7583450542555915
58 0.7916666666666666 0.5478562218885795 0.4166666666666667 0.8161787059572008
59 0.7696078431372549 0.5519386860085469 0.4444444444444444 0.8254019419352213
60 0.7769607843137255 0.5489621174101736 0.5277777777777778 0.7784261372354295
61 0.7843137254901961 0.5437626496833914 0.4444444444444444 0.7936632964346144
62 0.7794117647058824 0.5471776931309232 0.3611111111111111 0.8538214895460341
63 0.7549019607843137 0.5478638574188831 0.4444444444444444 0.795054210556878
64 0.7769607843137255 0.5467553454286912 0.5 0.7754013273451064
65 0.7818627450980392 0.5459772815891341 0.4722222222222222 0.8185590108235677
66 0.7794117647058824 0.5448738450513166 0.5 0.7787743277019925
67 0.7745098039215687 0.537597317905987 0.4166666666666667 0.8200015624364217
68 0.7696078431372549 0.5418442236442192 0.4444444444444444 0.8085010879569583
69 0.8014705882352942 0.5355508976122912 0.5277777777777778 0.7460980084207323
70 0.7745098039215687 0.5433183280276317 0.5277777777777778 0.7862594789928861
71 0.7892156862745098 0.5365266011041754 0.4444444444444444 0.8169559505250719
72 0.7769607843137255 0.5371619997655644 0.4166666666666667 0.835860487487581
73 0.7990196078431373 0.5354722206499062 0.5 0.7758716146151224
74 0.7867647058823529 0.536110413425109 0.3888888888888889 0.8501951562033759
75 0.7965686274509803 0.534607557981622 0.5 0.7540153662363688
76 0.7941176470588235 0.5340083291133245 0.4166666666666667 0.805782847934299
77 0.7916666666666666 0.5290739027892842 0.4444444444444444 0.8411221437984042
78 0.7965686274509803 0.5322304256990844 0.5555555555555556 0.729282365904914
79 0.7843137254901961 0.5316923021101484 0.3611111111111111 0.8490269250339932
80 0.7990196078431373 0.5278771227481318 0.4444444444444444 0.8342893454763625
81 0.8088235294117647 0.5276636574782577 0.5277777777777778 0.7878337866730161
82 0.7892156862745098 0.5287462510899001 0.5277777777777778 0.7577091985278659
83 0.7990196078431373 0.52881107377071 0.4444444444444444 0.7986065215534635
84 0.8063725490196079 0.526999515061285 0.4722222222222222 0.8029226627614763
85 0.8088235294117647 0.5241540696691064 0.4444444444444444 0.7977815800242953
86 0.7990196078431373 0.5272715074174544 0.5277777777777778 0.7960191965103149
87 0.7892156862745098 0.5290853614900627 0.4722222222222222 0.7945182058546278
88 0.803921568627451 0.5223490096190396 0.5 0.775743305683136
89 0.7965686274509803 0.5269862381266612 0.3888888888888889 0.8636647264162699
90 0.8112745098039216 0.5221577365608776 0.4444444444444444 0.8097304503122965
91 0.7941176470588235 0.5248816571399277 0.4722222222222222 0.8404079940583971
92 0.821078431372549 0.5214608866794437 0.5 0.7515721056196425
93 0.8186274509803921 0.5219429985565298 0.5 0.7684583730167813
94 0.8088235294117647 0.5210372983824973 0.4444444444444444 0.8300443357891507
95 0.8014705882352942 0.5189030266859952 0.5277777777777778 0.7904264330863953
96 0.8137254901960784 0.5215262025594711 0.4166666666666667 0.8314651515748765
97 0.8063725490196079 0.5215071518631542 0.5277777777777778 0.7488902476098802
98 0.8186274509803921 0.5193494935246075 0.4722222222222222 0.8179115321901109
99 0.8186274509803921 0.5203724491829965 0.4166666666666667 0.8148341046439277
100 0.8161764705882353 0.5212317331164491 0.4722222222222222 0.7886905272801717
101 0.8186274509803921 0.5153540495563956 0.4722222222222222 0.8371586932076348
102 0.8112745098039216 0.5182258124445 0.5 0.7894848187764486
103 0.8063725490196079 0.519045910706707 0.4166666666666667 0.8295523491170671
104 0.8284313725490197 0.5117290747516295 0.5555555555555556 0.7636255853705936
105 0.8161764705882353 0.5199325806369969 0.4444444444444444 0.8184114959504869
106 0.821078431372549 0.5136036910847122 0.5 0.785082221031189
107 0.8137254901960784 0.5160062073492536 0.5277777777777778 0.7752556204795837
108 0.8137254901960784 0.5166939949872447 0.4722222222222222 0.8106961912579007
109 0.8186274509803921 0.5134285039761487 0.4444444444444444 0.8379761113060845
110 0.8186274509803921 0.5168752728724012 0.4722222222222222 0.7827817334069146
111 0.8186274509803921 0.5133496996234445 0.5277777777777778 0.7969276871946123
112 0.8063725490196079 0.5155126873184653 0.5 0.7794329987631904
113 0.8186274509803921 0.5102146498712838 0.4166666666666667 0.8313461873266432
114 0.8259803921568627 0.512870091141439 0.6111111111111112 0.7233392265107896
115 0.8308823529411765 0.5110755936772216 0.3888888888888889 0.8545875549316406
116 0.8088235294117647 0.5160435408938164 0.5277777777777778 0.7702618373764886
117 0.8259803921568627 0.5082145318681118 0.5277777777777778 0.7654372453689575
118 0.8186274509803921 0.5140242097424526 0.5 0.8015943600071801
119 0.8186274509803921 0.5078539862936619 0.4166666666666667 0.8235667414135404
120 0.821078431372549 0.5142957609073788 0.5 0.814161952998903
121 0.8235294117647058 0.5071613917163774 0.4722222222222222 0.785041309065289
122 0.8112745098039216 0.5111854029636757 0.5555555555555556 0.7523575027783712
123 0.821078431372549 0.5088848658636504 0.5 0.7752687931060791
124 0.8284313725490197 0.5070283529805202 0.4722222222222222 0.8299911816914877
125 0.821078431372549 0.5134055418711082 0.4722222222222222 0.8147613339953952
126 0.8308823529411765 0.5055195227557537 0.5277777777777778 0.7653523948457506
127 0.8235294117647058 0.5080432257815903 0.3888888888888889 0.86016512910525
128 0.821078431372549 0.5106585268296447 0.4722222222222222 0.8118545711040497
129 0.8308823529411765 0.5051395165569642 0.5555555555555556 0.7779459489716424
130 0.821078431372549 0.50936732368142 0.5 0.7955358094639249
131 0.8308823529411765 0.5081102637683644 0.4444444444444444 0.8008962604734633
132 0.8284313725490197 0.5077575664309895 0.4444444444444444 0.834201263056861
133 0.8357843137254902 0.5048531323086982 0.4722222222222222 0.8367757863468595
134 0.8186274509803921 0.5105146455998514 0.5277777777777778 0.7552142341931661
135 0.8308823529411765 0.5052647795162949 0.5 0.7642685704761081
136 0.8333333333333334 0.5049018009620554 0.3611111111111111 0.8809730807940165
137 0.821078431372549 0.5072877781063903 0.5555555555555556 0.7548344400193956
138 0.821078431372549 0.5082742118952321 0.5833333333333334 0.7369528512159983
139 0.8406862745098039 0.5022967586330339 0.4722222222222222 0.8157016237576803
140 0.8333333333333334 0.5057899443542256 0.5 0.7815303073989021
141 0.8235294117647058 0.509161174881692 0.4444444444444444 0.8150183492236667
142 0.8357843137254902 0.5019716433450288 0.4444444444444444 0.8486599922180176
143 0.8333333333333334 0.5056215650310704 0.6388888888888888 0.7065234184265137
144 0.8259803921568627 0.5072039263505562 0.3888888888888889 0.8549159301651849
145 0.8406862745098039 0.5019755857247933 0.5 0.7881606287426419
146 0.8308823529411765 0.5050053920815972 0.3888888888888889 0.8563008109728495
147 0.8284313725490197 0.5055530369281769 0.5833333333333334 0.7481825285487704
148 0.8284313725490197 0.5042341865745246 0.3888888888888889 0.8483999835120307
149 0.8308823529411765 0.5043676194607043 0.5277777777777778 0.7798474166128371
150 0.8333333333333334 0.5060420080142862 0.5 0.7672653330696954
151 0.8382352941176471 0.4996477707343943 0.5 0.7940370771620009
152 0.8382352941176471 0.5053566568622402 0.5277777777777778 0.7910444140434265
153 0.8284313725490197 0.5047467061701942 0.4444444444444444 0.8207434349589877
154 0.8382352941176471 0.5025912388867023 0.4722222222222222 0.8153719107309977
155 0.8333333333333334 0.5030373919243906 0.5555555555555556 0.7410987814267477
156 0.8431372549019608 0.5027373862617156 0.4722222222222222 0.8129484057426453
157 0.8357843137254902 0.5028103961079728 0.5 0.7846610347429911
158 0.8406862745098039 0.4999312965893278 0.4722222222222222 0.7950380245844523
159 0.8357843137254902 0.502847124840699 0.4444444444444444 0.8225469589233398
160 0.8357843137254902 0.5031260456524643 0.5277777777777778 0.7689862648646036
161 0.8406862745098039 0.5013761993716744 0.4722222222222222 0.8161265916294522
162 0.8357843137254902 0.5021701571988124 0.5 0.7772661116388109
163 0.8382352941176471 0.5003077957560035 0.4166666666666667 0.8625381390253702
164 0.8333333333333334 0.5051047360780192 0.5277777777777778 0.7349460389879015
165 0.8382352941176471 0.5014245612364189 0.4722222222222222 0.8248263729943169
166 0.8480392156862745 0.5001059831941829 0.4166666666666667 0.8534829020500183
167 0.8382352941176471 0.5000398728777381 0.5555555555555556 0.7430456082026163
168 0.8333333333333334 0.5035776180379531 0.4444444444444444 0.8540318343374464
169 0.8406862745098039 0.4992777468527065 0.5277777777777778 0.770249605178833
170 0.8357843137254902 0.5026491091531866 0.4444444444444444 0.8245335287517972
171 0.8455882352941176 0.4987055104152829 0.5277777777777778 0.7630566358566284
172 0.8357843137254902 0.5031971165946886 0.5555555555555556 0.7379528681437174
173 0.8382352941176471 0.5016611861247643 0.4166666666666667 0.8697940044932895
174 0.8382352941176471 0.5044480804719177 0.5277777777777778 0.7638446423742506
175 0.8357843137254902 0.4972594321942797 0.4166666666666667 0.8456215990914239
176 0.8431372549019608 0.4983160425634945 0.4722222222222222 0.8165762093332078
177 0.8406862745098039 0.5016630738973618 0.6111111111111112 0.6996421052349938
178 0.8431372549019608 0.5004232855988484 0.4444444444444444 0.8220148815049065
179 0.8406862745098039 0.49834582355676915 0.4444444444444444 0.82046287589603
180 0.8333333333333334 0.5034249991762871 0.5833333333333334 0.7410090433226691
181 0.8382352941176471 0.4992259743751264 0.4444444444444444 0.8120010097821554
182 0.8357843137254902 0.499179400065366 0.5277777777777778 0.7797566453615824
183 0.8480392156862745 0.496963210550009 0.3888888888888889 0.860726535320282
184 0.8455882352941176 0.5002701714927075 0.5 0.7800935308138529
185 0.8406862745098039 0.500070613973281 0.5833333333333334 0.7298191587130228
186 0.8406862745098039 0.4992140820797752 0.4444444444444444 0.8278687728775872
187 0.8431372549019608 0.49970909456412 0.5 0.7967102395163642
188 0.8382352941176471 0.5009433928073621 0.4444444444444444 0.8224896821710799
189 0.8431372549019608 0.4990164479788612 0.6111111111111112 0.7206694516870711
190 0.8455882352941176 0.49832915792278215 0.3888888888888889 0.8747805224524604
191 0.8406862745098039 0.4982239376096165 0.5277777777777778 0.7455677853690253
192 0.8406862745098039 0.5004200353926304 0.4444444444444444 0.829249832365248
193 0.8455882352941176 0.4993012068318386 0.5555555555555556 0.7552078829871284
194 0.8406862745098039 0.49896564729073467 0.4722222222222222 0.8169130484263102
195 0.8455882352941176 0.49648140663025425 0.5 0.774089535077413
196 0.8431372549019608 0.4971114966799231 0.4444444444444444 0.8338418669170804
197 0.8455882352941176 0.49855742939547 0.4722222222222222 0.8174410925971137
198 0.8455882352941176 0.4981813833994024 0.5 0.765235616101159
199 0.8382352941176471 0.49930038843669144 0.4722222222222222 0.8102199832598368
