0 0.5045045045045045 0.693056189799094 0.425 0.6942055881023407
1 0.5112612612612613 0.6920624139072659 0.525 0.6930032789707183
2 0.5923423423423423 0.68767139825735 0.45 0.7046850085258484
3 0.5923423423423423 0.6835062928027935 0.425 0.7031046390533447
4 0.6396396396396397 0.664659545228288 0.3 0.7389445543289185
5 0.704954954954955 0.6374833044168111 0.2 0.7749900579452514
6 0.7207207207207207 0.6130500210298074 0.35 0.8104216098785401
7 0.7364864864864865 0.5956337835874643 0.175 0.8671779334545135
8 0.7454954954954955 0.5863441411439363 0.175 0.8689890295267105
9 0.7522522522522522 0.5738821091415646 0.175 0.8708280742168426
10 0.7477477477477478 0.5726078098958677 0.35 0.9051139056682587
11 0.75 0.5653833046152785 0.325 0.9201174259185791
12 0.7094594594594594 0.5757797886659434 0.2 0.9846591949462891
13 0.740990990990991 0.5677439049557522 0.325 0.9400009036064148
14 0.7342342342342343 0.5744259239317061 0.35 0.927966159582138
15 0.7454954954954955 0.5585555804742349 0.2 0.9155584096908569
16 0.7297297297297297 0.5679135311831225 0.275 0.9691411972045898
17 0.7522522522522522 0.5606683084556648 0.35 0.8609865546226502
18 0.740990990990991 0.5620990137796145 0.175 1.0017360031604767
19 0.7432432432432432 0.5553622213569848 0.275 0.9194279253482819
20 0.7432432432432432 0.5636932288741207 0.275 0.9041349351406097
21 0.740990990990991 0.5600527535687696 0.1 1.0241657435894012
22 0.7364864864864865 0.5558841351990227 0.375 0.8687374472618103
23 0.75 0.5547425918750934 0.325 0.9692219495773315
24 0.7612612612612613 0.5485629761541212 0.275 0.9304517149925232
25 0.7545045045045045 0.5554157570675686 0.2 0.9562305092811585
26 0.7454954954954955 0.5525832170838708 0.225 0.9809817254543305
27 0.7522522522522522 0.5473946365150245 0.2 1.03180530667305
28 0.7522522522522522 0.548256373620248 0.175 0.977612191438675
29 0.7657657657657657 0.5450112843835676 0.3 0.9777707874774932
30 0.7454954954954955 0.5528054025259104 0.2 0.9608169734477997
31 0.7635135135135135 0.5468315275402756 0.25 0.9359655439853668
32 0.7612612612612613 0.5476035317322155 0.35 0.9320531129837036
33 0.7680180180180181 0.5391327529340177 0.2 1.039526456594467
34 0.777027027027027 0.5459777557098113 0.225 0.9328976511955261
35 0.7635135135135135 0.5429646496300224 0.25 1.0180136919021607
36 0.7612612612612613 0.545326045236072 0.325 0.9703338086605072
37 0.7680180180180181 0.5421112759693248 0.175 1.0035258769989013
38 0.759009009009009 0.5445549157825677 0.35 0.9532770872116089
39 0.7680180180180181 0.5423268246221112 0.275 0.9935189604759216
40 0.7680180180180181 0.5413514628066672 0.275 1.0240660905838013
41 0.7702702702702703 0.5377769542706979 0.325 0.9544956743717193
42 0.7837837837837838 0.5348533214749517 0.275 0.9708961367607116
43 0.7837837837837838 0.5350009804373389 0.25 0.9945986866950989
44 0.7680180180180181 0.5403261037023218 0.3 1.0067525267601014
45 0.7680180180180181 0.5329709592703227 0.375 0.927483755350113
46 0.7725225225225225 0.5396582239919955 0.35 0.9034862279891968
47 0.795045045045045 0.52469325414649 0.3 0.9733969628810882
48 0.7792792792792793 0.5385564136075544 0.175 1.0068319499492646
49 0.7882882882882883 0.5297098793425001 0.325 0.9672018885612488
50 0.7882882882882883 0.5224616358409057 0.35 0.9511408746242523
51 0.7815315315315315 0.5293122272233706 0.225 1.0301041305065155
52 0.7837837837837838 0.5325511876527254 0.225 0.9819161236286164
53 0.7792792792792793 0.5254234983040406 0.3 0.9714410781860352
54 0.7837837837837838 0.5281018775862616 0.275 0.9876047730445862
55 0.7635135135135135 0.5379724193800677 0.3 0.9944669425487518
56 0.786036036036036 0.5273190307187604 0.25 0.9510106384754181
57 0.777027027027027 0.5296769512666238 0.275 0.9995873034000397
58 0.7927927927927928 0.5266134397940593 0.225 0.9967125415802002
59 0.786036036036036 0.5258763249929961 0.275 1.0017035961151124
60 0.7815315315315315 0.5277347127059558 0.375 0.9280437529087067
61 0.7995495495495496 0.5236466902870316 0.225 1.0255981147289277
62 0.7905405405405406 0.5245137139483615 0.375 0.9207249224185944
63 0.7905405405405406 0.5222168905777974 0.275 0.9987317979335785
64 0.7995495495495496 0.5215668157414273 0.3 0.9894335448741913
65 0.7995495495495496 0.5209847194654448 0.325 0.9714350998401642
66 0.7882882882882883 0.5240561186193345 0.275 0.9616121590137482
67 0.7927927927927928 0.5205678733082505 0.3 0.9845996558666229
68 0.7972972972972973 0.5142392524190851 0.275 0.9867013216018676
69 0.7995495495495496 0.5158771668468509 0.3 0.9768702387809753
70 0.7972972972972973 0.5153398280208176 0.25 1.0181030452251434
71 0.7972972972972973 0.5198840026382927 0.35 0.9391849339008331
72 0.795045045045045 0.5187102260890307 0.225 1.0455948829650878
73 0.8018018018018018 0.5168676478368742 0.375 0.9058639109134674
74 0.795045045045045 0.5203799809421505 0.325 0.9772694051265717
75 0.7995495495495496 0.5143327369346274 0.275 1.0022591173648834
76 0.8130630630630631 0.5116587289281793 0.275 0.9680967092514038
77 0.8130630630630631 0.51619242816358 0.325 0.9458918750286103
78 0.8108108108108109 0.5109838263408558 0.275 1.0045369207859038
79 0.8040540540540541 0.5133712286347741 0.325 0.9515394747257233
80 0.8063063063063063 0.5153425403006442 0.25 1.0265586435794831
81 0.8108108108108109 0.5072631572817897 0.325 0.9461744129657745
82 0.8085585585585585 0.5084408049110893 0.275 0.9949927806854248
83 0.8063063063063063 0.5136301619512541 0.325 0.9643048048019409
84 0.8063063063063063 0.5155198874774279 0.325 0.9504537105560302
85 0.8130630630630631 0.5091055653116725 0.275 1.0067321717739106
86 0.8040540540540541 0.5134310977415996 0.25 1.031898421049118
87 0.8130630630630631 0.5112101518893027 0.325 0.9627941846847534
88 0.8220720720720721 0.5057600360732895 0.275 0.9963678121566772
89 0.8153153153153153 0.5130075205553759 0.35 0.9297448217868804
90 0.8153153153153153 0.5088750322659811 0.3 0.9866622447967529
91 0.8063063063063063 0.513335031163585 0.275 0.9998514354228973
92 0.8175675675675675 0.5067732812048079 0.3 0.9905926525592804
93 0.8108108108108109 0.5110285569418658 0.325 0.9421748101711274
94 0.8063063063063063 0.5145470499992371 0.275 1.0052963554859162
95 0.8220720720720721 0.5049936492163856 0.275 1.013577163219452
96 0.8108108108108109 0.509939024845759 0.325 0.941233229637146
97 0.8108108108108109 0.5115571317372022 0.275 1.0056355535984038
98 0.8153153153153153 0.5078161063494983 0.325 0.9702002227306366
99 0.8265765765765766 0.5008029650460493 0.3 0.9626061975955963
100 0.8040540540540541 0.513901230451223 0.35 0.9481840252876281
101 0.8198198198198198 0.5032401616508896 0.275 1.0026817739009857
102 0.8198198198198198 0.5072604114407891 0.275 0.9962819337844848
103 0.8220720720720721 0.5069281628002992 0.3 0.9729933500289917
104 0.8018018018018018 0.5153154950958114 0.325 0.9623162090778351
105 0.8220720720720721 0.5040340796784237 0.275 1.0044610440731048
106 0.8220720720720721 0.5037088375370782 0.3 0.977251935005188
107 0.8243243243243243 0.5009601457161946 0.325 0.9584282398223877
108 0.8153153153153153 0.5110770139071319 0.275 1.0024198353290559
109 0.8175675675675675 0.503604335559381 0.25 1.0237895667552948
110 0.8130630630630631 0.5106946737379641 0.325 0.9568192362785339
111 0.8130630630630631 0.5074127461459186 0.35 0.9413098156452179
112 0.8243243243243243 0.5026844992293967 0.3 0.9849757254123688
113 0.8243243243243243 0.5025528108214473 0.325 0.9514908254146576
114 0.8220720720720721 0.5005923710964821 0.275 1.0089558064937592
115 0.8175675675675675 0.5090582703684902 0.25 1.021751594543457
116 0.8198198198198198 0.5092081220837327 0.325 0.9639804124832153
117 0.831081081081081 0.49825457785580607 0.275 1.005679827928543
118 0.8220720720720721 0.5044496370865418 0.325 0.964464008808136
119 0.8243243243243243 0.5051167867742143 0.325 0.9476850688457489
120 0.8220720720720721 0.5036410211442827 0.325 0.9674375057220459
121 0.8198198198198198 0.5061091740389128 0.225 1.0332713067531585
122 0.8243243243243243 0.5019193876970995 0.35 0.9533064603805542
123 0.8175675675675675 0.5060919295023153 0.35 0.9256545603275299
124 0.8198198198198198 0.5042848783033388 0.225 1.0458871304988862
125 0.8288288288288288 0.4985411226212441 0.275 0.994163316488266
126 0.8243243243243243 0.5046648407304609 0.325 0.9624797701835632
127 0.8243243243243243 0.5037615463003382 0.3 0.9781967580318451
128 0.831081081081081 0.5009530361171242 0.3 0.9900630176067352
129 0.8153153153153153 0.5052134424179524 0.3 0.9718239843845368
130 0.8198198198198198 0.5050123720555693 0.275 1.017573857307434
131 0.831081081081081 0.4960983011636648 0.325 0.9510325014591217
132 0.8243243243243243 0.5029606027109129 0.35 0.9471237063407898
133 0.8220720720720721 0.5034798708584931 0.25 1.0161818385124206
134 0.8198198198198198 0.5046854244696127 0.325 0.9452172636985778
135 0.8265765765765766 0.5003711986649144 0.275 1.0160022139549256
136 0.8288288288288288 0.5004573885921959 0.325 0.9570798099040985
137 0.8220720720720721 0.5046714949715245 0.275 1.0084418058395386
138 0.8333333333333334 0.4962320840573526 0.3 0.9707751333713531
139 0.8198198198198198 0.5028097250977078 0.3 1.002629315853119
140 0.8198198198198198 0.5022549771510803 0.35 0.922033715248108
141 0.8333333333333334 0.4975373989289945 0.3 0.9834637761116027
142 0.8220720720720721 0.5046047740154438 0.225 1.0381066977977753
143 0.8288288288288288 0.4991576607162888 0.3 0.9793226480484009
144 0.8220720720720721 0.5020864240758054 0.35 0.9400596201419831
145 0.8333333333333334 0.4991266663010056 0.25 1.0132727563381194
146 0.8243243243243243 0.5027117780199996 0.35 0.9583270370960235
147 0.8265765765765766 0.5004114954321234 0.25 1.0257686734199525
148 0.8265765765765766 0.4994546204536885 0.325 0.9548289477825165
149 0.8243243243243243 0.5026961095161266 0.325 0.9658298194408417
150 0.8265765765765766 0.4978069907373136 0.275 0.9991274416446686
151 0.8288288288288288 0.4978627414853723 0.325 0.9643893003463745
152 0.8175675675675675 0.5052475819179604 0.3 0.967679888010025
153 0.8288288288288288 0.499456430072183 0.225 1.054329937696457
154 0.8265765765765766 0.5005377517627166 0.325 0.9573218345642089
155 0.8243243243243243 0.4979930477099376 0.3 0.9847163379192352
156 0.8243243243243243 0.5040635042362385 0.35 0.9179206490516663
157 0.831081081081081 0.49580769120035945 0.325 0.9748669445514679
158 0.8243243243243243 0.5016716450184315 0.225 1.0452760577201843
159 0.8265765765765766 0.4978621564469896 0.35 0.9423892557621002
160 0.8243243243243243 0.5022855443997426 0.25 1.0078664481639863
161 0.8288288288288288 0.4985650444889928 0.35 0.9518797278404236
162 0.8198198198198198 0.5073691219896883 0.275 0.9943219244480133
163 0.8333333333333334 0.4929083285031018 0.35 0.9458684086799621
164 0.8198198198198198 0.505135313884632 0.275 1.0087095379829407
165 0.8333333333333334 0.49543584225414034 0.275 1.0060540080070495
166 0.8265765765765766 0.4958591200746931 0.275 0.9936968803405761
167 0.8265765765765766 0.49954623279270827 0.325 0.971584266424179
168 0.8220720720720721 0.4999036085498226 0.3 0.9630853533744812
169 0.8243243243243243 0.49933980821489216 0.3 0.990967971086502
170 0.8288288288288288 0.4957393775652121 0.3 0.9843119621276856
171 0.8288288288288288 0.49791417035970603 0.35 0.9422397792339325
172 0.8198198198198198 0.5017013104112299 0.275 0.9935247123241424
173 0.8243243243243243 0.502827635756484 0.275 1.0042730808258056
174 0.8288288288288288 0.49476641389700743 0.3 0.9800085961818695
175 0.8288288288288288 0.49505510845699824 0.3 0.9847614228725433
176 0.8265765765765766 0.49757940033534626 0.325 0.9644139409065247
177 0.8175675675675675 0.5039287504849134 0.25 1.0274503469467162
178 0.8265765765765766 0.499481254064285 0.35 0.9367627322673797
179 0.8333333333333334 0.4924535281486339 0.25 1.0170774936676026
180 0.8265765765765766 0.5005129076339103 0.375 0.9179163247346878
181 0.8288288288288288 0.49782187390971827 0.325 0.9573856294155121
182 0.8198198198198198 0.503193804809639 0.25 1.032891219854355
183 0.8333333333333334 0.49490818864590413 0.3 0.9795447528362274
184 0.8265765765765766 0.4987925366238431 0.275 0.9970364153385163
185 0.8265765765765766 0.5001225595001701 0.35 0.9373088240623474
186 0.8265765765765766 0.49898680158563563 0.275 1.0118186116218566
187 0.8198198198198198 0.5011881007267548 0.275 1.0086920022964478
188 0.831081081081081 0.49611635761218026 0.275 0.988699597120285
189 0.8243243243243243 0.5035149049651515 0.375 0.9246992707252503
190 0.8265765765765766 0.4978524674703409 0.275 1.0028298497200012
191 0.8243243243243243 0.5008511247935595 0.275 1.0095755994319915
192 0.8333333333333334 0.49261492678711005 0.375 0.9059182703495026
193 0.8265765765765766 0.5021937084090602 0.225 1.0575666546821594
194 0.8265765765765766 0.49810964298677873 0.3 0.9614640533924103
195 0.831081081081081 0.4959143853939331 0.35 0.9625099509954452
196 0.8288288288288288 0.49743512917209315 0.275 0.9800811588764191
197 0.8220720720720721 0.5001621922931155 0.3 0.9921854615211487
198 0.8265765765765766 0.4978095094362895 0.275 1.0035132467746735
199 0.831081081081081 0.4950171926537076 0.275 1.0150070667266846
