0 0.5045045045045045 0.6932226108001159 0.425 0.6939474165439605
1 0.5202702702702703 0.6929068307618838 0.525 0.6937642931938172
2 0.5292792792792793 0.6922634845381385 0.45 0.698023897409439
3 0.5157657657657657 0.6923866712295257 0.225 0.6957176327705383
4 0.5157657657657657 0.6899489411362657 0.65 0.6901378214359284
5 0.5765765765765766 0.6859276090656314 0.2 0.7022079169750214
6 0.5563063063063063 0.6841791696376629 0.55 0.6954861760139466
7 0.581081081081081 0.6811739523131568 0.225 0.7255408823490143
8 0.5855855855855856 0.6781088248029485 0.175 0.719038462638855
9 0.5900900900900901 0.6734943454330032 0.45 0.7264488339424133
10 0.6171171171171171 0.6629630203719612 0.475 0.7184318006038666
11 0.6013513513513513 0.6551164187289573 0.3 0.7897190272808075
12 0.5923423423423423 0.6613601236730009 0.4 0.759200119972229
13 0.6013513513513513 0.6610230314838994 0.4 0.7924537777900695
14 0.5968468468468469 0.6519681298517966 0.2 0.8030067026615143
15 0.6081081081081081 0.6472432978518374 0.525 0.73756542801857
16 0.6058558558558559 0.6492675521352269 0.375 0.7781043112277984
17 0.6081081081081081 0.6433334039138244 0.525 0.7250754058361053
18 0.6373873873873874 0.6397001797014529 0.375 0.805438369512558
19 0.6216216216216216 0.6362544679426932 0.525 0.7430606245994568
20 0.6328828828828829 0.6329936460331753 0.575 0.7121739268302918
21 0.6013513513513513 0.6420253789102709 0.375 0.7959392905235291
22 0.6396396396396397 0.6339047696139362 0.475 0.7799590766429901
23 0.6509009009009009 0.6261675398092013 0.2 0.8472238779067993
24 0.6283783783783784 0.635393069671081 0.45 0.7561640739440918
25 0.6441441441441441 0.6379759690246066 0.425 0.7854679703712464
26 0.6463963963963963 0.6278839723483937 0.425 0.7847498536109925
27 0.6554054054054054 0.6206586508600561 0.35 0.8137052774429321
28 0.6644144144144144 0.6237531989007383 0.425 0.7711490392684937
29 0.6373873873873874 0.6243490815699637 0.425 0.7716272950172425
30 0.6554054054054054 0.6210000761994371 0.45 0.7798238337039948
31 0.6396396396396397 0.626157041337039 0.45 0.774939489364624
32 0.6644144144144144 0.6189686841255909 0.3 0.8085505664348602
33 0.668918918918919 0.6147774108895311 0.375 0.8130639314651489
34 0.6914414414414415 0.6103952274666177 0.375 0.796020221710205
35 0.6531531531531531 0.6181167130534714 0.425 0.7814556181430816
36 0.668918918918919 0.6096734195142179 0.425 0.797670590877533
37 0.6509009009009009 0.6125466404734431 0.3 0.830492478609085
38 0.6779279279279279 0.6094502530119441 0.325 0.8148349583148956
39 0.6756756756756757 0.6084654916514147 0.325 0.8257014393806458
40 0.6666666666666666 0.6103602945804596 0.4 0.7983018040657044
41 0.6779279279279279 0.6052095122165508 0.35 0.8243355333805085
42 0.6756756756756757 0.6043406894078126 0.375 0.7992410004138947
43 0.6891891891891891 0.6022915115227571 0.425 0.7797620564699173
44 0.6509009009009009 0.6138527092632947 0.425 0.7643596589565277
45 0.6824324324324325 0.599086966600504 0.325 0.869547301530838
46 0.6801801801801802 0.6057372826176721 0.475 0.7387831628322601
47 0.7027027027027027 0.5918082721061535 0.325 0.8195158541202545
48 0.6666666666666666 0.6094141744815551 0.425 0.7675297021865845
49 0.7072072072072072 0.5975411818908142 0.4 0.7823581099510193
50 0.6869369369369369 0.5948129500354733 0.375 0.796719241142273
51 0.6891891891891891 0.598711343230428 0.375 0.8223499834537507
52 0.713963963963964 0.5944205525222125 0.425 0.7754681289196015
53 0.6914414414414415 0.5955962756195584 0.35 0.8208105206489563
54 0.6846846846846847 0.5942402592113426 0.35 0.8408671319484711
55 0.6801801801801802 0.5961605686325211 0.35 0.8041802167892456
56 0.7072072072072072 0.5936195896015511 0.425 0.7738758146762847
57 0.7027027027027027 0.5933686723043253 0.4 0.8130990713834763
58 0.7184684684684685 0.5881583712122462 0.35 0.8166016340255737
59 0.7117117117117117 0.5905896830666173 0.35 0.825775820016861
60 0.7117117117117117 0.5889144427067524 0.375 0.8293040037155152
61 0.7162162162162162 0.585648238658905 0.45 0.7632184147834777
62 0.704954954954955 0.5881784681801323 0.4 0.8060176253318787
63 0.713963963963964 0.5831577673151687 0.35 0.8060410618782043
64 0.7117117117117117 0.5879510772657824 0.425 0.7821344375610352
65 0.7117117117117117 0.5875445813746065 0.3 0.8500459730625153
66 0.713963963963964 0.5850279341946851 0.425 0.7876444220542907
67 0.722972972972973 0.5832833301376652 0.375 0.8094574511051178
68 0.7274774774774775 0.5840561038201993 0.4 0.7906139731407166
69 0.7117117117117117 0.579406638671686 0.375 0.8152169227600098
70 0.7184684684684685 0.578208103373244 0.35 0.8359251320362091
71 0.7117117117117117 0.578373783343547 0.525 0.7310843944549561
72 0.7319819819819819 0.5778887586013691 0.35 0.8605573832988739
73 0.7432432432432432 0.5786185167931222 0.425 0.7862822592258454
74 0.7342342342342343 0.5761774883076951 0.35 0.8459619104862213
75 0.7274774774774775 0.574954762920603 0.325 0.8498753726482391
76 0.7274774774774775 0.5765543204170089 0.425 0.793695992231369
77 0.7252252252252253 0.5765671748835761 0.425 0.8186653852462769
78 0.7297297297297297 0.5739070037463764 0.35 0.8550813674926758
79 0.7297297297297297 0.5697913548430881 0.4 0.7965700089931488
80 0.7364864864864865 0.5768536823289888 0.35 0.8342466354370117
81 0.7387387387387387 0.5687669819002753 0.4 0.8037367284297943
82 0.7342342342342343 0.5708541257961376 0.275 0.886875581741333
83 0.7364864864864865 0.5731498139935571 0.425 0.7608803629875183
84 0.7319819819819819 0.5735684568817551 0.275 0.86629918217659
85 0.7567567567567568 0.5656873454918733 0.45 0.7975121319293976
86 0.7387387387387387 0.5711199885553068 0.325 0.8694482922554017
87 0.75 0.5679807684443019 0.45 0.7778689801692963
88 0.7454954954954955 0.5708743886904674 0.375 0.8547084093093872
89 0.7342342342342343 0.5699194476411149 0.425 0.7820121586322785
90 0.740990990990991 0.5659449991879163 0.45 0.7958088040351867
91 0.759009009009009 0.566467221255775 0.4 0.816324508190155
92 0.7522522522522522 0.5665514659774196 0.3 0.8764276325702667
93 0.7364864864864865 0.5711415998033575 0.45 0.7513040602207184
94 0.7522522522522522 0.5680702006494677 0.325 0.8822573721408844
95 0.7432432432432432 0.5632057705441037 0.375 0.8051040709018707
96 0.7567567567567568 0.566585716363546 0.425 0.7912593185901642
97 0.7545045045045045 0.5646138408699551 0.35 0.8463284611701966
98 0.7545045045045045 0.5648698597340971 0.325 0.8512734949588776
99 0.7522522522522522 0.561935458097372 0.35 0.8422550022602081
100 0.7522522522522522 0.5615940093994141 0.425 0.7667851030826569
101 0.75 0.5649287912759695 0.4 0.8388072609901428
102 0.7680180180180181 0.5596935104679417 0.375 0.8597227871418
103 0.75 0.5623144832280305 0.475 0.7841147363185883
104 0.7522522522522522 0.5594378051994083 0.325 0.8431473076343536
105 0.7432432432432432 0.5645082950055063 0.4 0.7975061237812042
106 0.759009009009009 0.5613572331699165 0.3 0.8480744600296021
107 0.7545045045045045 0.559589978005435 0.4 0.814979749917984
108 0.7364864864864865 0.5600863657556139 0.325 0.864182323217392
109 0.7612612612612613 0.5630836516350239 0.425 0.8201543092727661
110 0.7635135135135135 0.5584611565143138 0.325 0.8477248013019562
111 0.7567567567567568 0.5617671745854456 0.475 0.7846974492073059
112 0.7635135135135135 0.5580613626553131 0.3 0.8703816533088684
113 0.7545045045045045 0.5631163710946435 0.375 0.79816854596138
114 0.777027027027027 0.5550705433428824 0.35 0.8480031669139863
115 0.7612612612612613 0.5576512749130661 0.325 0.8436743974685669
116 0.7635135135135135 0.5578415119970167 0.35 0.8150187075138092
117 0.7680180180180181 0.5604864793854791 0.325 0.8643800020217896
118 0.7725225225225225 0.5564447058750702 0.45 0.7532071352005005
119 0.7792792792792793 0.5569301537565283 0.325 0.8442215263843537
120 0.7567567567567568 0.5606519260385014 0.375 0.8423657774925232
121 0.7702702702702703 0.5556095803643132 0.35 0.861074161529541
122 0.7702702702702703 0.5553017929867581 0.425 0.8068472951650619
123 0.7815315315315315 0.5555940399298797 0.425 0.7679438471794129
124 0.7680180180180181 0.5567583618937312 0.4 0.8372514486312866
125 0.7702702702702703 0.5556121707499564 0.4 0.8200400054454804
126 0.7680180180180181 0.5540620499366039 0.35 0.8340250551700592
127 0.7792792792792793 0.5553119220175184 0.375 0.823369961977005
128 0.7792792792792793 0.5550335452363298 0.35 0.8369328141212463
129 0.7792792792792793 0.5515838523168821 0.4 0.7978036940097809
130 0.7657657657657657 0.5556759487938236 0.4 0.8152362763881683
131 0.7792792792792793 0.5532174416490503 0.325 0.8619826197624206
132 0.7815315315315315 0.5537899611769496 0.375 0.815710723400116
133 0.7815315315315315 0.5547055739003259 0.4 0.8132069766521454
134 0.7747747747747747 0.5523690299407856 0.3 0.8617210626602173
135 0.7635135135135135 0.5534731399368595 0.4 0.8188714027404785
136 0.786036036036036 0.5504076201636512 0.325 0.8425250887870789
137 0.7725225225225225 0.5557197364600929 0.4 0.8041816234588623
138 0.7815315315315315 0.54956365437121 0.275 0.8760216355323791
139 0.777027027027027 0.5547912679277025 0.375 0.8350629687309266
140 0.7815315315315315 0.5473869668470847 0.4 0.7890041589736938
141 0.7680180180180181 0.5537925451188475 0.325 0.8706966519355774
142 0.777027027027027 0.5533031241313832 0.375 0.8284712553024292
143 0.7747747747747747 0.5518402825067709 0.375 0.8184067249298096
144 0.7815315315315315 0.5514705691251669 0.4 0.8169920146465302
145 0.7792792792792793 0.5492609972889358 0.325 0.833791196346283
146 0.7747747747747747 0.5527127095170923 0.375 0.8175010621547699
147 0.777027027027027 0.5497203496125367 0.275 0.8993837893009186
148 0.7792792792792793 0.5518454656944619 0.35 0.8190590500831604
149 0.7882882882882883 0.5474053572964024 0.4 0.8085537254810333
150 0.7815315315315315 0.5480748240475182 0.325 0.8279960989952088
151 0.777027027027027 0.553262613646619 0.35 0.852900630235672
152 0.7792792792792793 0.5482808332722466 0.35 0.8211253464221955
153 0.7702702702702703 0.5537870537053358 0.425 0.8078278243541718
154 0.7792792792792793 0.5498196098718557 0.325 0.864396846294403
155 0.7837837837837838 0.5449893759177612 0.425 0.7908345758914948
156 0.7815315315315315 0.551527620435835 0.3 0.8452663540840148
157 0.7905405405405406 0.5490017334620158 0.35 0.847160142660141
158 0.7792792792792793 0.5480844604002463 0.375 0.8338348984718322
159 0.777027027027027 0.5514369816393465 0.425 0.7966187417507171
160 0.7882882882882883 0.5449705588388013 0.275 0.9020693242549896
161 0.7792792792792793 0.5496156306954117 0.425 0.7603362083435059
162 0.7837837837837838 0.5480705547977138 0.35 0.8468123555183411
163 0.7837837837837838 0.5482532556529518 0.3 0.8551897227764129
164 0.7792792792792793 0.5476539921653163 0.425 0.8022215664386749
165 0.7792792792792793 0.5465697560224447 0.35 0.8442668914794922
166 0.7792792792792793 0.5499139272414886 0.325 0.8404908597469329
167 0.777027027027027 0.5508792040584324 0.325 0.854277503490448
168 0.7905405405405406 0.5432993587072905 0.35 0.8231841504573822
169 0.7815315315315315 0.5472785937893498 0.425 0.7995742201805115
170 0.786036036036036 0.5458534539819838 0.325 0.8430396676063537
171 0.7837837837837838 0.5489595792852007 0.425 0.7685678690671921
172 0.7905405405405406 0.5446152947507463 0.3 0.8804547965526581
173 0.7815315315315315 0.547626964412294 0.4 0.8237739741802216
174 0.7815315315315315 0.5474983289972082 0.35 0.8271492540836334
175 0.7792792792792793 0.5468801566072412 0.35 0.8600799560546875
176 0.7815315315315315 0.5477438314003987 0.375 0.8132910966873169
177 0.7792792792792793 0.5467736063239811 0.35 0.8569134712219239
178 0.7815315315315315 0.547439126281051 0.5 0.7444348335266113
179 0.777027027027027 0.5488567201940863 0.25 0.9148469567298889
180 0.7927927927927928 0.5439251846558338 0.4 0.7885417342185974
181 0.7837837837837838 0.5474668569392986 0.35 0.8373174965381622
182 0.786036036036036 0.5445555091441214 0.35 0.8407306730747223
183 0.7815315315315315 0.5478044946988424 0.3 0.868824017047882
184 0.7837837837837838 0.5454794297347197 0.35 0.8400823175907135
185 0.786036036036036 0.547162382720827 0.375 0.8097293555736542
186 0.786036036036036 0.5440659007510623 0.4 0.8186961710453033
187 0.7792792792792793 0.5491218424595155 0.4 0.8189732313156128
188 0.795045045045045 0.5436715395063967 0.325 0.8572507053613663
189 0.777027027027027 0.5492909070070799 0.35 0.8509735763072968
190 0.7815315315315315 0.5461403778544417 0.4 0.7979513704776764
191 0.7837837837837838 0.5439836431193996 0.375 0.8457290649414062
192 0.7792792792792793 0.547916760852745 0.375 0.8189350008964539
193 0.7837837837837838 0.5471989429211831 0.325 0.8648853957653045
194 0.7882882882882883 0.5428797379807309 0.4 0.7996960252523422
195 0.7972972972972973 0.5443887474300625 0.425 0.783568674325943
196 0.7815315315315315 0.5460723203581732 0.3 0.8836696743965149
197 0.786036036036036 0.5437375586312096 0.4 0.7984829902648926
198 0.786036036036036 0.5440725402252095 0.35 0.8582904934883118
199 0.786036036036036 0.5452291189550279 0.325 0.843235656619072
