0 0.3738738738738739 0.703520717384579 0.4 0.7277895331382751
1 0.39414414414414417 0.6980710459185077 0.1 0.7177175462245942
2 0.5698198198198198 0.6796260443893639 0.55 0.7095754027366639
3 0.6509009009009009 0.6731714584805943 0.325 0.701082706451416
4 0.6576576576576577 0.6688775543694023 0.525 0.6866237044334411
5 0.6058558558558559 0.6661389652673189 0.375 0.6928234159946441
6 0.6261261261261262 0.6642122188129941 0.525 0.6891154825687409
7 0.6328828828828829 0.6604579907279831 0.5 0.6877008318901062
8 0.6509009009009009 0.6566426571425017 0.7 0.6905923068523407
9 0.6486486486486487 0.6535113469974415 0.7 0.6871724605560303
10 0.6509009009009009 0.6497587620675027 0.7 0.6798030078411103
11 0.6621621621621622 0.6471102849857228 0.675 0.6770991086959839
12 0.6891891891891891 0.6452097651120778 0.625 0.6851844549179077
13 0.6846846846846847 0.6411068256910857 0.6 0.675599092245102
14 0.6981981981981982 0.6295751752080144 0.7 0.6695474565029145
15 0.7207207207207207 0.6184934869005874 0.75 0.6843885779380798
16 0.7319819819819819 0.6124243328163216 0.775 0.6541792273521423
17 0.75 0.6103546930862976 0.625 0.6703941643238067
18 0.7319819819819819 0.6060739994586051 0.725 0.6770667552947998
19 0.7364864864864865 0.604854369217211 0.75 0.6467913866043091
20 0.7454954954954955 0.6013908214397259 0.65 0.6609981715679168
21 0.7297297297297297 0.6018386330153491 0.6 0.6796249091625214
22 0.7387387387387387 0.597917905530414 0.65 0.6398526906967164
23 0.722972972972973 0.6003682140831474 0.6 0.6766580104827881
24 0.7274774774774775 0.5977155877663208 0.625 0.6786632537841797
25 0.7319819819819819 0.5955517780673396 0.75 0.6639142453670501
26 0.7567567567567568 0.5926816801767092 0.75 0.6325357675552368
27 0.7567567567567568 0.5921226404271684 0.625 0.6662347495555878
28 0.7207207207207207 0.5920767069936873 0.55 0.6780850350856781
29 0.7364864864864865 0.5921023802177326 0.675 0.6354621410369873
30 0.75 0.5896580557565432 0.725 0.6453047156333923
31 0.7364864864864865 0.5917164581316011 0.55 0.6802018821239472
32 0.7635135135135135 0.5874508595144426 0.725 0.6396665096282959
33 0.740990990990991 0.5869001885792157 0.6 0.6524148941040039
34 0.7364864864864865 0.5873407028816842 0.6 0.6844577550888061
35 0.7522522522522522 0.584054253122828 0.7 0.6230825543403625
36 0.7612612612612613 0.5844424321307792 0.6 0.6656521677970886
37 0.7545045045045045 0.5854869100961599 0.625 0.6441979169845581
38 0.7454954954954955 0.5834178503032204 0.575 0.6693047285079956
39 0.7545045045045045 0.5828090911512976 0.65 0.639219093322754
40 0.7612612612612613 0.5812604129314423 0.6 0.6721763372421264
41 0.7432432432432432 0.5827683401000392 0.675 0.6424336731433868
42 0.7477477477477478 0.5818445357653472 0.575 0.6802624762058258
43 0.7680180180180181 0.5777378340025205 0.7 0.6335749149322509
44 0.7297297297297297 0.5826370595274745 0.65 0.6532370150089264
45 0.7635135135135135 0.5762224527629646 0.7 0.6267786949872971
46 0.7387387387387387 0.5800855476577003 0.625 0.6661263644695282
47 0.7725225225225225 0.5762980891777588 0.625 0.6698297142982483
48 0.7454954954954955 0.5796417427492572 0.675 0.6228707998991012
49 0.7454954954954955 0.5750079222090609 0.775 0.6296805143356323
50 0.7680180180180181 0.5743940155785363 0.65 0.658607828617096
51 0.7387387387387387 0.5782675190014882 0.75 0.6170517563819885
52 0.7680180180180181 0.575561923218203 0.55 0.6821270406246185
53 0.7612612612612613 0.5751920737124778 0.675 0.6235623329877853
54 0.740990990990991 0.5792305324528668 0.65 0.6327821373939514
55 0.7680180180180181 0.5725815462636518 0.65 0.6513744533061981
56 0.7477477477477478 0.5742511115632616 0.625 0.6659190893173218
57 0.7657657657657657 0.5732622476848396 0.7 0.6136873304843903
58 0.7657657657657657 0.5703760224419672 0.65 0.6506246387958526
59 0.7432432432432432 0.5752211916554082 0.65 0.6445696413516998
60 0.786036036036036 0.5697296487318503 0.675 0.6165980845689774
61 0.740990990990991 0.5741610298822591 0.625 0.6542623698711395
62 0.7612612612612613 0.5724510875371125 0.6 0.6595161437988282
63 0.7680180180180181 0.569121656385628 0.675 0.6272101700305939
64 0.759009009009009 0.5722070924333624 0.625 0.6246163040399552
65 0.7837837837837838 0.5672865203908972 0.65 0.6566043138504029
66 0.7657657657657657 0.5679505784232337 0.7 0.6242623209953309
67 0.7567567567567568 0.5739655325541625 0.625 0.636610159277916
68 0.7725225225225225 0.567501984201036 0.675 0.6400682270526886
69 0.7657657657657657 0.5696407516260404 0.65 0.6339321494102478
70 0.7657657657657657 0.5677955773499634 0.7 0.6288021355867386
71 0.7747747747747747 0.5652423447316831 0.675 0.636976820230484
72 0.7612612612612613 0.5733537770606376 0.675 0.6255800902843476
73 0.7635135135135135 0.5649585812478453 0.6 0.6748517215251922
74 0.777027027027027 0.5666629975443488 0.675 0.651943051815033
75 0.7612612612612613 0.5678317160219759 0.675 0.602214565873146
76 0.759009009009009 0.5664548753081141 0.65 0.6415611445903778
77 0.7792792792792793 0.5671161958226213 0.675 0.6364575535058975
78 0.7747747747747747 0.5657262571223147 0.65 0.6030104547739029
79 0.7680180180180181 0.5655425091584524 0.675 0.6554158926010132
80 0.7635135135135135 0.5656742603929193 0.65 0.6289155900478363
81 0.7815315315315315 0.5661569269927772 0.675 0.6453443825244903
82 0.7747747747747747 0.5622666886260917 0.7 0.6187420308589935
83 0.7702702702702703 0.56848378143869 0.625 0.6548566848039628
84 0.7635135135135135 0.5651756326357523 0.7 0.624581179022789
85 0.7725225225225225 0.5640115343235634 0.65 0.6260527908802033
86 0.7725225225225225 0.56362426871652 0.75 0.6025877803564071
87 0.7567567567567568 0.5634745082876704 0.625 0.6547338187694549
88 0.7702702702702703 0.5658613676960403 0.725 0.6090131163597107
89 0.7702702702702703 0.562579153088836 0.7 0.6453202664852142
90 0.7702702702702703 0.5632688615236197 0.6 0.6634640514850616
91 0.7792792792792793 0.5632532451066885 0.75 0.6103484332561493
92 0.777027027027027 0.5642068015562521 0.75 0.5874316573143006
93 0.7725225225225225 0.5627981590795087 0.575 0.6857625484466553
94 0.7680180180180181 0.563582366651243 0.725 0.58570876121521
95 0.7792792792792793 0.5614627191612312 0.7 0.634683158993721
96 0.7725225225225225 0.5632099374994501 0.65 0.6455494105815888
97 0.7725225225225225 0.5624093689897038 0.675 0.627679419517517
98 0.7725225225225225 0.5623806438467525 0.675 0.6346313416957855
99 0.777027027027027 0.5604723176440677 0.675 0.6204480856657029
100 0.7725225225225225 0.5644421013625892 0.65 0.6480713546276092
101 0.7747747747747747 0.560124317536483 0.65 0.636565089225769
102 0.7792792792792793 0.5587249825129638 0.725 0.6167443186044693
103 0.777027027027027 0.5622028821223491 0.675 0.6127514123916626
104 0.7747747747747747 0.5626312934600555 0.65 0.6490316987037659
105 0.777027027027027 0.5629943262886357 0.7 0.618562787771225
106 0.7792792792792793 0.5605453682375384 0.675 0.6167540401220322
107 0.7815315315315315 0.5597943932086498 0.6 0.6687991321086884
108 0.7792792792792793 0.5614659496255823 0.75 0.6117322146892548
109 0.7702702702702703 0.5597048949550938 0.675 0.6096466779708862
110 0.7747747747747747 0.5615366018033242 0.675 0.6329748749732971
111 0.7680180180180181 0.5617840875376452 0.65 0.664242947101593
112 0.786036036036036 0.5559987995001647 0.75 0.5888246774673462
113 0.7702702702702703 0.5624100455829689 0.625 0.6629695236682892
114 0.7792792792792793 0.5565249780276874 0.675 0.6342787861824035
115 0.7725225225225225 0.5604283664677594 0.725 0.5944872945547104
116 0.7635135135135135 0.5619275704160467 0.6 0.6648146450519562
117 0.7792792792792793 0.558817641960608 0.75 0.5854920566082
118 0.7815315315315315 0.5567093534512563 0.625 0.6617089033126831
119 0.7702702702702703 0.5604369589337358 0.7 0.6198912918567657
120 0.777027027027027 0.561296007386199 0.65 0.6282028049230576
121 0.7747747747747747 0.5601453453570873 0.725 0.5969238638877868
122 0.7815315315315315 0.5560590694616506 0.7 0.6277646392583847
123 0.777027027027027 0.5585626889993479 0.575 0.6769446909427643
124 0.7747747747747747 0.5591454962352375 0.7 0.6009200841188431
125 0.777027027027027 0.5594268231778532 0.7 0.6231617271900177
126 0.7702702702702703 0.5583360205899488 0.65 0.6345053672790527
127 0.7747747747747747 0.5585079673711244 0.65 0.6567542970180511
128 0.7837837837837838 0.5563845604926616 0.75 0.5841589033603668
129 0.777027027027027 0.5611131414099857 0.65 0.6256729573011398
130 0.7792792792792793 0.5562126649929596 0.675 0.6478835433721543
131 0.777027027027027 0.5581677263384467 0.65 0.6322180598974227
132 0.7680180180180181 0.5607742664513288 0.65 0.6315621972084046
133 0.7837837837837838 0.5536943853975417 0.675 0.6191558450460434
134 0.7725225225225225 0.5568448898491559 0.7 0.6188648551702499
135 0.7747747747747747 0.5590109272046132 0.675 0.6295821636915206
136 0.7725225225225225 0.56051006966883 0.675 0.630485138297081
137 0.777027027027027 0.5554838551057352 0.625 0.6384373009204865
138 0.777027027027027 0.5566522919379913 0.775 0.5953019142150879
139 0.777027027027027 0.5598095335938909 0.65 0.6330734878778458
140 0.777027027027027 0.5569647282093495 0.65 0.658291894197464
141 0.7815315315315315 0.5569723280700477 0.725 0.5907856196165084
142 0.7747747747747747 0.5588019407010293 0.65 0.623067420721054
143 0.7725225225225225 0.5552746304520616 0.7 0.6235550165176391
144 0.7792792792792793 0.5582774866808642 0.65 0.6424206078052521
145 0.7815315315315315 0.5558038206250818 0.7 0.6235736191272736
146 0.7702702702702703 0.5608206651769243 0.575 0.6753191828727723
147 0.7747747747747747 0.5554352319455361 0.8 0.5569152891635895
148 0.7725225225225225 0.5587432282464998 0.6 0.6577953279018403
149 0.7815315315315315 0.5518329387849515 0.7 0.6211791902780532
