0 0.5057077625570776 0.6869456475456012 0.7142857142857143 0.6092568380492074
1 0.7374429223744292 0.6140592022029232 0.8452380952380952 0.5449602192356473
2 0.7990867579908676 0.584035516329552 0.8690476190476191 0.49304434940928504
3 0.8047945205479452 0.5681010886142243 0.9166666666666666 0.4937040436835516
4 0.8127853881278538 0.5618395892452431 0.9404761904761905 0.49381780198642183
5 0.8070776255707762 0.5584372053407642 0.8333333333333334 0.4856297558262235
6 0.8344748858447488 0.5498858348691844 0.9166666666666666 0.4781691375232878
7 0.8253424657534246 0.5445656700221371 0.9404761904761905 0.48152555312429157
8 0.815068493150685 0.5422510489753393 0.8690476190476191 0.4721740995134626
9 0.8310502283105022 0.532890393445481 0.9642857142857143 0.47783562541007996
10 0.83675799086758 0.5286924211674084 0.9047619047619048 0.46977220404715764
11 0.8447488584474886 0.5223770402882197 0.9404761904761905 0.45447321165175664
12 0.843607305936073 0.5192323118856509 0.9404761904761905 0.46464103034564425
13 0.8458904109589042 0.5109061553870162 0.9642857142857143 0.4627727781023298
14 0.8584474885844748 0.5060651901105767 0.9404761904761905 0.4577260684399378
15 0.8573059360730594 0.5002119085287939 0.9642857142857143 0.4633419272445497
16 0.8767123287671232 0.4893196656551535 0.9761904761904762 0.4512317677338918
17 0.8698630136986302 0.4889589386171402 0.9642857142857143 0.4704776590778714
18 0.8687214611872146 0.482806987822328 0.9880952380952381 0.4366577778543745
19 0.8744292237442922 0.4787929835112672 0.9404761904761905 0.4433393677075704
20 0.8767123287671232 0.47282177767797146 0.9404761904761905 0.4508744620141529
21 0.8789954337899544 0.4654538978452552 0.9642857142857143 0.44440355471202303
22 0.8778538812785388 0.4636061112630313 0.9047619047619048 0.4606236531620934
23 0.882420091324201 0.4592464499549779 0.9761904761904762 0.41827223840213956
24 0.8858447488584474 0.455005471700947 0.9523809523809523 0.44254016876220703
25 0.8926940639269406 0.4515792366848689 0.9285714285714286 0.44648209639957975
26 0.889269406392694 0.45122980023627957 0.9523809523809523 0.4333809798672086
27 0.8904109589041096 0.44810815475302745 0.9642857142857143 0.42138889857700895
28 0.8926940639269406 0.4458300143344217 0.9404761904761905 0.43465486026945566
29 0.8915525114155252 0.4436215433083713 0.8928571428571429 0.4606095126696995
30 0.8938356164383562 0.4418176178518496 0.9523809523809523 0.4230894701821463
31 0.8904109589041096 0.4414023912116273 0.9523809523809523 0.42607030130568
32 0.8938356164383562 0.4382886968246878 0.9166666666666666 0.4406581535225823
33 0.8984018264840182 0.436810977790998 0.9404761904761905 0.44243929641587393
34 0.8984018264840182 0.4341860653058579 0.9642857142857143 0.4240845853374118
35 0.9018264840182648 0.43357071498213295 0.9404761904761905 0.44186589405650184
36 0.9098173515981736 0.4285338757789298 0.9404761904761905 0.4183717824163891
37 0.906392694063927 0.4294562109801323 0.9166666666666666 0.4473343860535395
38 0.906392694063927 0.4284265242755141 0.9285714285714286 0.42681137720743817
39 0.9018264840182648 0.42766421162374485 0.9404761904761905 0.4311422748225076
40 0.9121004566210046 0.4261775020867178 0.9404761904761905 0.42218910228638423
41 0.908675799086758 0.4235559806703977 0.8928571428571429 0.44827190609205336
42 0.91324200913242 0.41910151939958196 0.9404761904761905 0.4321260622569493
43 0.910958904109589 0.41967764864229173 0.9285714285714286 0.42498370579310824
44 0.9121004566210046 0.41879060660323053 0.9404761904761905 0.4399633350826445
45 0.9235159817351598 0.4151152407741982 0.9523809523809523 0.41588532215072993
46 0.91324200913242 0.4149331273553578 0.9523809523809523 0.41724186709948946
47 0.9189497716894978 0.4138297800604067 0.9047619047619048 0.43725609211694627
48 0.9166666666666666 0.4141080493796362 0.9285714285714286 0.43551123426074073
49 0.9155251141552512 0.41189683858118104 0.8809523809523809 0.460908123425075
50 0.9189497716894978 0.40974375251765666 0.9523809523809523 0.42142221331596375
51 0.9269406392694064 0.4092524749775455 0.8928571428571429 0.4501420898096902
52 0.9269406392694064 0.4079716117142542 0.9523809523809523 0.41668102003279184
53 0.9189497716894978 0.40882902942836014 0.9166666666666666 0.4460494617621104
54 0.9223744292237442 0.4063008716117302 0.9523809523809523 0.41784215683028814
55 0.9223744292237442 0.4057737279972529 0.9404761904761905 0.4371581432365236
56 0.9246575342465754 0.40476169937277495 0.9166666666666666 0.42480606124514625
57 0.9212328767123288 0.40371869552081036 0.9047619047619048 0.429230816307522
58 0.9257990867579908 0.40225695869694017 0.8809523809523809 0.4380763485318139
59 0.9257990867579908 0.40168042923217495 0.9047619047619048 0.43292182258197237
60 0.932648401826484 0.4004465778396554 0.9166666666666666 0.45009765596616835
61 0.934931506849315 0.40011499978635956 0.9047619047619048 0.4262088324342455
62 0.9360730593607306 0.3982206392505942 0.9285714285714286 0.43839867625917706
63 0.9269406392694064 0.4004127712554583 0.9166666666666666 0.40846671376909527
64 0.9292237442922374 0.39764393287706595 0.9166666666666666 0.4315155361379896
65 0.930365296803653 0.39671348300698683 0.9166666666666666 0.42728455719493685
66 0.9372146118721462 0.3947688658215684 0.8928571428571429 0.43322259187698364
67 0.9315068493150684 0.3964161309477401 0.9285714285714286 0.4366685620376042
68 0.9429223744292238 0.3934230083199941 0.9642857142857143 0.409775116613933
69 0.9337899543378996 0.3936504354215648 0.9047619047619048 0.4288349577358791
70 0.9360730593607306 0.392419241606917 0.9404761904761905 0.4240540223462241
71 0.9372146118721462 0.3940056846838563 0.8809523809523809 0.44516573207718985
72 0.9417808219178082 0.39149665696435865 0.9523809523809523 0.4197224619842711
73 0.930365296803653 0.3923438209104756 0.9047619047619048 0.42818276229358854
74 0.9360730593607306 0.3903027533396194 0.9166666666666666 0.4372473174617404
75 0.9383561643835616 0.3899283346520167 0.9166666666666666 0.43410739586466834
76 0.9417808219178082 0.38913289746737373 0.9642857142857143 0.4044487164134071
77 0.9406392694063926 0.38797032411240007 0.9285714285714286 0.4279385180700393
78 0.9394977168949772 0.38761438667502035 0.9285714285714286 0.4128402897289821
79 0.9394977168949772 0.38894209034366695 0.8928571428571429 0.43663831268038067
80 0.9360730593607306 0.3882328767210381 0.9285714285714286 0.43772157600947786
81 0.9406392694063926 0.38681523331768436 0.9166666666666666 0.4212070604165395
82 0.9440639269406392 0.38494349669103756 0.9047619047619048 0.44573370757557096
83 0.9429223744292238 0.3862382267435936 0.9404761904761905 0.41390616978917805
84 0.9429223744292238 0.3857090062202384 0.9166666666666666 0.418196276539848
85 0.9394977168949772 0.3859967423356287 0.8928571428571429 0.4394274183682033
86 0.9440639269406392 0.3834208225550717 0.9285714285714286 0.4223730152561551
87 0.9372146118721462 0.384934600221512 0.9166666666666666 0.4343191881974538
88 0.9474885844748858 0.38283239080481335 0.9404761904761905 0.41079148792085196
89 0.9440639269406392 0.38312923935450377 0.9404761904761905 0.4129951653026399
90 0.9497716894977168 0.38178680081890054 0.9166666666666666 0.43704098888805937
91 0.9406392694063926 0.383967854252689 0.9285714285714286 0.4171682269800277
92 0.9463470319634704 0.38133775085619054 0.9166666666666666 0.4302604311988467
93 0.9452054794520548 0.3824622684145627 0.9285714285714286 0.4311750900177729
94 0.9474885844748858 0.38025376799444083 0.9166666666666666 0.4153908150536673
95 0.9417808219178082 0.3808684384441811 0.8928571428571429 0.44235218848500935
96 0.9452054794520548 0.3802106696176747 0.9404761904761905 0.4272213195051466
97 0.9474885844748858 0.380275438229243 0.9285714285714286 0.4314097378935133
98 0.9406392694063926 0.3801896542174631 0.9404761904761905 0.4178723494211833
