0 0.5547945205479452 0.6894422568142686 0.5357142857142857 0.6834527821767897
1 0.819634703196347 0.5481947665889514 0.7976190476190477 0.5219318511940184
2 0.8835616438356164 0.48573257171944395 0.8095238095238095 0.49869921235811143
3 0.8915525114155252 0.4759824280052969 0.8690476190476191 0.482383702482496
4 0.8949771689497716 0.47089654846822837 0.8571428571428571 0.48722579933348154
5 0.8984018264840182 0.4698485768821141 0.8214285714285714 0.48082148461114793
6 0.906392694063927 0.4640874382295565 0.8333333333333334 0.47900386509441195
7 0.9041095890410958 0.4612860646966386 0.8452380952380952 0.48370625149636043
8 0.8995433789954338 0.46175258439969796 0.8095238095238095 0.49063650483176824
9 0.9098173515981736 0.45614963334444997 0.9047619047619048 0.4814978994074322
10 0.910958904109589 0.4559113658182153 0.8214285714285714 0.4789021114508311
11 0.9098173515981736 0.45259304895792923 0.8452380952380952 0.46993017764318556
12 0.908675799086758 0.4521845370939333 0.8452380952380952 0.4690953195095062
13 0.9155251141552512 0.4487016635126175 0.8214285714285714 0.4836347798506419
14 0.91324200913242 0.4471762738271391 0.8452380952380952 0.4698562253089178
15 0.9178082191780822 0.44463302283526557 0.8333333333333334 0.4725237361022404
16 0.9212328767123288 0.4387071606231062 0.8571428571428571 0.4556263117563157
17 0.9223744292237442 0.4383685369741971 0.9166666666666666 0.468868389016106
18 0.930365296803653 0.43588008483250934 0.8452380952380952 0.4609148459775107
19 0.9292237442922374 0.43417109106773655 0.8214285714285714 0.4786477784315745
20 0.9235159817351598 0.43214017724337644 0.8214285714285714 0.4751768381822677
21 0.934931506849315 0.4289607382528314 0.9166666666666666 0.4569610669499352
22 0.9292237442922374 0.42699664436518875 0.9285714285714286 0.47263719070525395
23 0.9360730593607306 0.42477614762576205 0.8452380952380952 0.45714053937367033
24 0.9337899543378996 0.421819270881888 0.8928571428571429 0.46217153185889837
25 0.932648401826484 0.4189677804572397 0.9285714285714286 0.4649511916296823
26 0.9406392694063926 0.41836994600622623 0.9404761904761905 0.45778589021591914
27 0.9372146118721462 0.4165431877521619 0.8452380952380952 0.4570434746288118
28 0.9406392694063926 0.414627585509052 0.8809523809523809 0.4735029112725031
29 0.9383561643835616 0.4131003359681395 0.9047619047619048 0.46735066175460815
30 0.9452054794520548 0.41115286810213025 0.8452380952380952 0.46380161671411424
31 0.9429223744292238 0.4111912743141662 0.8333333333333334 0.47304164511816843
32 0.9417808219178082 0.4085145828114253 0.9047619047619048 0.4577318032582601
33 0.9383561643835616 0.4081628636954582 0.9285714285714286 0.4658174372854687
34 0.9463470319634704 0.40674497928793574 0.9047619047619048 0.451959864014671
35 0.9452054794520548 0.4053376561974826 0.9166666666666666 0.4691516487371354
36 0.9463470319634704 0.4026680023975024 0.9166666666666666 0.4379926820596059
37 0.9406392694063926 0.40284249499508235 0.8571428571428571 0.48013765329406377
38 0.9452054794520548 0.4021705776861269 0.9404761904761905 0.4511979151339758
39 0.9383561643835616 0.40300272534427034 0.9166666666666666 0.4594524942693256
40 0.9394977168949772 0.4009062206908448 0.9523809523809523 0.4418559585298811
41 0.9486301369863014 0.4001933115802399 0.9404761904761905 0.45044968241737005
42 0.9474885844748858 0.39740553811260554 0.8928571428571429 0.458458532889684
43 0.9554794520547946 0.39785451105196185 0.9404761904761905 0.44634193040075754
44 0.9497716894977168 0.3965229098110983 0.9166666666666666 0.4631391011533283
45 0.9452054794520548 0.39614681212325076 0.9404761904761905 0.43529226382573444
46 0.9463470319634704 0.3957320331982826 0.9404761904761905 0.43857780524662565
47 0.9497716894977168 0.39512068087651847 0.9404761904761905 0.4560773812589191
48 0.9486301369863014 0.39471385182311003 0.8809523809523809 0.4553375244140625
49 0.9463470319634704 0.393967592008582 0.9285714285714286 0.4638033367338635
50 0.9531963470319634 0.39197943798483237 0.9166666666666666 0.4370403445902325
51 0.95662100456621 0.3919518994141931 0.9285714285714286 0.44899722366105943
52 0.9531963470319634 0.39145507442352434 0.9285714285714286 0.44752229821114314
53 0.9531963470319634 0.39236249539950124 0.9047619047619048 0.46344475519089473
54 0.9531963470319634 0.39029167667371495 0.9166666666666666 0.4532280223710196
55 0.952054794520548 0.39130740459651164 0.9404761904761905 0.4485195108822414
56 0.9509132420091324 0.3891684641576793 0.9404761904761905 0.4392092852365403
57 0.952054794520548 0.39031264321989123 0.9404761904761905 0.4362410491421109
58 0.95662100456621 0.3886376986764882 0.9285714285714286 0.4428036922500247
59 0.9497716894977168 0.38838566479073267 0.9404761904761905 0.4483110308647156
60 0.9577625570776256 0.3880547868878874 0.9166666666666666 0.4579662112962632
61 0.954337899543379 0.3860324574932116 0.9404761904761905 0.43958082653227304
62 0.952054794520548 0.38699085840351505 0.8928571428571429 0.4608960776101975
63 0.954337899543379 0.387886887543822 0.9642857142857143 0.41640600278264
64 0.95662100456621 0.3865338369319428 0.9285714285714286 0.4431056564762479
65 0.9554794520547946 0.38608600219635114 0.9166666666666666 0.4441240628560384
66 0.95662100456621 0.3846643232319453 0.9404761904761905 0.44024373519988286
67 0.9531963470319634 0.38594750127835903 0.8928571428571429 0.45745373907543363
68 0.9611872146118722 0.38383789571452903 0.9523809523809523 0.4287232132185073
69 0.9554794520547946 0.38302558306689677 0.9404761904761905 0.44175123600732713
70 0.9554794520547946 0.3835162955876355 0.9166666666666666 0.44759203280721394
71 0.9554794520547946 0.38369806961381814 0.9285714285714286 0.4488689416930789
72 0.9577625570776256 0.38288321587593044 0.9285714285714286 0.4405817176614489
73 0.9577625570776256 0.3822012203469124 0.9285714285714286 0.4448544496581668
74 0.958904109589041 0.38231942887719905 0.9166666666666666 0.45014420293626334
75 0.9577625570776256 0.3818569342567496 0.9166666666666666 0.4479220537912278
76 0.9577625570776256 0.3817032732103513 0.9761904761904762 0.42240320217041744
77 0.958904109589041 0.3809925668860135 0.9047619047619048 0.46269147878601435
78 0.952054794520548 0.3819771317858674 0.9285714285714286 0.4291718275774093
79 0.9577625570776256 0.3813074518284297 0.9404761904761905 0.4436589749086471
80 0.95662100456621 0.38101140535585415 0.9166666666666666 0.45205122800100417
81 0.9577625570776256 0.3806644729827637 0.9523809523809523 0.42902525124095736
82 0.9600456621004566 0.3790013742501333 0.8928571428571429 0.4613523355552128
83 0.9600456621004566 0.37896706129862295 0.9523809523809523 0.4267519485382807
84 0.95662100456621 0.3806688599118359 0.9523809523809523 0.43562655931427363
85 0.9577625570776256 0.3787010841445836 0.9166666666666666 0.445079885777973
86 0.9577625570776256 0.3781448120940222 0.9404761904761905 0.4322549189840044
87 0.958904109589041 0.37961611369429116 0.9166666666666666 0.44719721447853816
88 0.9577625570776256 0.3782933460523004 0.9523809523809523 0.42241448163986206
89 0.9600456621004566 0.37853749715574253 0.9523809523809523 0.4329684092884972
90 0.954337899543379 0.37775468077833796 0.8928571428571429 0.4522475302219391
91 0.9600456621004566 0.379425943169964 0.9404761904761905 0.4264265880698249
92 0.9611872146118722 0.37629450837226763 0.9404761904761905 0.4521521372454507
93 0.9611872146118722 0.3781417966161144 0.9285714285714286 0.4437668380283174
94 0.958904109589041 0.37633085985706277 0.9523809523809523 0.42057396116710843
95 0.958904109589041 0.3768111045502092 0.9404761904761905 0.4367851047288804
96 0.9623287671232876 0.3764302461114648 0.9166666666666666 0.45200512522742864
97 0.9600456621004566 0.3770082994410981 0.9047619047619048 0.4481954148837498
98 0.9577625570776256 0.37661464818536416 0.9166666666666666 0.4393558743454161
99 0.9577625570776256 0.3774012123068718 0.9404761904761905 0.438995585555122
