0 0.5187793427230047 0.7021359675367114 0.675 0.6790307849645615
1 0.6866197183098591 0.6297488384683367 0.875 0.5039457514882087
2 0.857981220657277 0.5041067001405456 0.95 0.47561866641044614
3 0.8791079812206573 0.4889586989028913 0.9 0.48213510662317277
4 0.8708920187793427 0.48497725596450303 0.975 0.44818629771471025
5 0.8814553990610329 0.47903276833010394 0.975 0.4447947159409523
6 0.8849765258215962 0.4789683788035397 0.8875 0.47404203563928604
7 0.8767605633802817 0.4751102813812489 0.85 0.4802534684538841
8 0.8802816901408451 0.47493741951637986 0.8625 0.48176141530275346
9 0.8943661971830986 0.46897201974626995 0.975 0.43218686282634733
10 0.9014084507042254 0.46691813897079143 0.9625 0.43693164736032486
11 0.8884976525821596 0.46734578648643316 0.9625 0.42918880581855773
12 0.8967136150234741 0.4633740260847298 0.9625 0.43044175803661344
13 0.9002347417840375 0.4632940261576657 0.9875 0.4154556542634964
14 0.8943661971830986 0.46187560868934846 0.9625 0.4424853533506393
15 0.8967136150234741 0.45816129907755787 0.9625 0.42685710489749906
16 0.9014084507042254 0.4543662923322597 0.9625 0.4363247290253639
17 0.9002347417840375 0.4513181641068257 0.9625 0.41865307837724686
18 0.9166666666666666 0.45279755852591824 0.9625 0.43396672457456587
19 0.9225352112676056 0.4492683985703428 0.9625 0.4280297368764877
20 0.9131455399061033 0.4477194968803388 0.95 0.4365011066198349
21 0.9131455399061033 0.4453439607586659 0.9625 0.41897436529397963
22 0.92018779342723 0.44257860928074294 0.975 0.40981477946043016
23 0.9190140845070423 0.44399534032938065 0.9625 0.410198874771595
24 0.9307511737089202 0.4372789220351009 0.9625 0.40959522426128386
25 0.926056338028169 0.43735914582937535 0.975 0.4003624439239502
26 0.931924882629108 0.43564356520702024 0.9625 0.4124173253774643
27 0.9284037558685446 0.4330634248088783 0.9375 0.41068789809942247
28 0.9389671361502347 0.4297023506511545 0.9875 0.39843461811542513
29 0.9330985915492958 0.4291384220123291 0.975 0.39591878950595855
30 0.9284037558685446 0.42633069834798715 0.95 0.41464937627315523
31 0.9342723004694836 0.42693302455082743 0.9875 0.39821391701698305
32 0.9413145539906104 0.422325333239327 0.9625 0.4145144551992416
33 0.9401408450704225 0.4207726645637566 0.9625 0.3944586724042892
34 0.9424882629107981 0.4180468816152761 0.975 0.3938120871782303
35 0.9413145539906104 0.41861988792956717 0.95 0.40187970995903016
36 0.9424882629107981 0.41551547235166525 0.975 0.3877638801932335
37 0.9424882629107981 0.41388545391705117 0.9375 0.40670889616012573
38 0.9413145539906104 0.41314613819122314 0.975 0.39947916120290755
39 0.9471830985915493 0.41113216720276596 0.975 0.3825439602136612
40 0.9460093896713615 0.4100485779869724 0.975 0.38511490970849993
41 0.9507042253521126 0.4079768470195537 0.9625 0.3879388809204102
42 0.9471830985915493 0.4059812111753813 0.9625 0.38357454538345337
43 0.9424882629107981 0.40668235194515173 0.9625 0.3869636356830597
44 0.9507042253521126 0.40414315811904944 0.95 0.4043183594942093
45 0.9495305164319249 0.40216133656076425 0.975 0.38686850368976594
46 0.9495305164319249 0.40254133953734744 0.9625 0.383479630947113
47 0.9507042253521126 0.4017986709802923 0.9625 0.3881848454475403
48 0.9507042253521126 0.40085760192692 0.9625 0.3839182138442993
49 0.9471830985915493 0.4009789021362161 0.95 0.39074208587408066
50 0.954225352112676 0.3973984252399122 0.975 0.3766072764992714
51 0.9518779342723005 0.39597159204348714 0.95 0.39951211810112
52 0.9460093896713615 0.39921900671972355 0.975 0.37725247740745543
53 0.9483568075117371 0.39466981960574227 0.95 0.407488240301609
54 0.9518779342723005 0.39618802476376996 0.9625 0.38205804824829104
55 0.9495305164319249 0.3946889172977125 0.9625 0.3864476397633553
56 0.9507042253521126 0.3939798747149991 0.9625 0.3896147757768631
57 0.9495305164319249 0.39362427578285825 0.9625 0.3818337097764015
58 0.9507042253521126 0.3920378109938662 0.95 0.39573508948087693
59 0.9530516431924883 0.3914946677259436 0.95 0.38128198832273485
60 0.9530516431924883 0.3915613720394636 0.9875 0.3659250199794769
61 0.9565727699530516 0.3907435865189548 0.9625 0.3906488463282585
62 0.9518779342723005 0.3901046126941 0.9625 0.3774215579032898
63 0.9553990610328639 0.38892786967362597 0.975 0.3704732358455658
64 0.9530516431924883 0.38847556038641595 0.95 0.39193294644355775
65 0.9530516431924883 0.3884815687025097 0.975 0.37005474120378495
66 0.954225352112676 0.38720082872910117 0.9625 0.3868845641613007
67 0.9553990610328639 0.3877698674168385 0.9625 0.39085048288106916
68 0.954225352112676 0.3869644481811165 0.9625 0.37828464806079865
69 0.9507042253521126 0.38606989271763903 0.975 0.36628815829753875
70 0.9589201877934272 0.3860975253470067 0.9625 0.3804692938923836
71 0.9530516431924883 0.3851240913912724 0.9625 0.37409403175115585
72 0.954225352112676 0.3853752120559764 0.9625 0.38307278603315353
73 0.9553990610328639 0.38437583412922605 0.975 0.37217781841754916
74 0.9553990610328639 0.3838489955299897 0.9625 0.37435084730386736
75 0.9530516431924883 0.3837322774627399 0.9625 0.3817127525806427
76 0.9589201877934272 0.38256357743146835 0.9625 0.3795119196176529
77 0.9589201877934272 0.38347756764698476 0.975 0.36874968409538267
78 0.9565727699530516 0.38249461611671626 0.9625 0.3775622248649597
79 0.954225352112676 0.38259207852569543 0.9625 0.37187375128269196
80 0.9553990610328639 0.382215549688384 0.9625 0.3702190011739731
81 0.9553990610328639 0.3806047475953617 0.925 0.4002052083611488
82 0.9565727699530516 0.3804871739356171 0.975 0.3656676933169365
83 0.9553990610328639 0.38016962907124013 0.975 0.36337911933660505
84 0.9565727699530516 0.3800970647536533 0.975 0.3772751227021217
85 0.9589201877934272 0.37994201978047687 0.95 0.3796050831675529
86 0.9553990610328639 0.3797676192482872 0.975 0.369736935198307
87 0.9565727699530516 0.379090494113349 0.95 0.3815676853060722
88 0.9577464788732394 0.3780156245254015 0.975 0.37036108374595644
89 0.9530516431924883 0.37973924114110885 0.9625 0.3796680852770805
90 0.9565727699530516 0.3769633582500225 0.9625 0.38041233122348783
91 0.9577464788732394 0.37788836385162783 0.975 0.3679713800549507
92 0.9565727699530516 0.37760252977760744 0.9625 0.3802825540304184
93 0.960093896713615 0.37669747466212705 0.975 0.3674558997154236
94 0.9565727699530516 0.37847476120286144 0.95 0.38229912221431733
95 0.960093896713615 0.3758554262734355 0.9625 0.38111777454614637
96 0.9636150234741784 0.37631644875230924 0.9625 0.3642627835273743
97 0.9647887323943662 0.37570332655324623 0.975 0.37536740154027937
98 0.9577464788732394 0.3747263364668743 0.9375 0.38870936781167986
99 0.960093896713615 0.37507218416308014 0.975 0.3717328041791916
