0 0.5049019607843137 0.6934173638914146 0.5555555555555556 0.6929130223062303
1 0.49019607843137253 0.6932420000141742 0.4722222222222222 0.6937752697202895
2 0.5147058823529411 0.6932302088129754 0.6111111111111112 0.6919738252957662
3 0.5073529411764706 0.6932221510831047 0.5 0.6932734118567573
4 0.5073529411764706 0.6932096335233426 0.6111111111111112 0.691699379020267
5 0.5147058823529411 0.6931597648882398 0.5277777777777778 0.6929852101537917
6 0.5122549019607843 0.6931189345378502 0.4722222222222222 0.6935503217909071
7 0.5147058823529411 0.6929341443613464 0.5277777777777778 0.6926575104395548
8 0.5073529411764706 0.693064303374758 0.7222222222222222 0.6915112998750474
9 0.5122549019607843 0.6931118807371925 0.4722222222222222 0.6934703588485718
10 0.5073529411764706 0.6930717405150918 0.4722222222222222 0.6937309834692214
11 0.5098039215686274 0.6929097847611296 0.5277777777777778 0.6927226980527242
12 0.4877450980392157 0.6931680324030858 0.6111111111111112 0.6907623343997531
13 0.5196078431372549 0.692585311683954 0.5 0.6931707395447625
14 0.5122549019607843 0.6928808805989284 0.5 0.693135400613149
15 0.5147058823529411 0.6924016025720858 0.5277777777777778 0.692496677239736
16 0.5465686274509803 0.6921607010504779 0.5277777777777778 0.6929076115290324
17 0.5196078431372549 0.6926698725597531 0.5833333333333334 0.6912257472674052
18 0.5098039215686274 0.6920912768326554 0.4722222222222222 0.692990587817298
19 0.5269607843137255 0.692021147293203 0.6111111111111112 0.6921031210157607
20 0.5784313725490197 0.6919219651642967 0.5 0.6951078242725797
21 0.5367647058823529 0.6916830872788149 0.5277777777777778 0.6911299029986063
22 0.5441176470588235 0.6912425066910538 0.6388888888888888 0.6918120251761543
23 0.5416666666666666 0.6903380593832802 0.5555555555555556 0.6925476590792338
24 0.5735294117647058 0.6898315747578939 0.6111111111111112 0.6900796625349257
25 0.6029411764705882 0.689344515987471 0.5555555555555556 0.6923086444536845
26 0.5367647058823529 0.6892195238786585 0.5833333333333334 0.6891869041654799
27 0.6127450980392157 0.6866671127431533 0.5277777777777778 0.6957213481267294
28 0.5784313725490197 0.6871124587807 0.5555555555555556 0.6932852864265442
29 0.5980392156862745 0.6844749193565518 0.5 0.6886913842625089
30 0.6274509803921569 0.6842892035549762 0.5 0.6916041241751777
31 0.6151960784313726 0.6820959180009132 0.6944444444444444 0.6879061526722379
32 0.6225490196078431 0.6808227300643921 0.6111111111111112 0.6942022442817688
33 0.6102941176470589 0.6784387791858 0.4722222222222222 0.6870966619915433
34 0.6127450980392157 0.6785307707739812 0.5833333333333334 0.6886429587999979
35 0.6127450980392157 0.6744062035691505 0.6666666666666666 0.6941633092032539
36 0.6225490196078431 0.6743240432412017 0.5277777777777778 0.6881806121932136
37 0.625 0.6714426688119477 0.5 0.6968269215689765
38 0.5980392156862745 0.6710339474911783 0.6666666666666666 0.6813547809918722
39 0.6446078431372549 0.6677205054198995 0.6111111111111112 0.6856980787383186
40 0.6299019607843137 0.6635094290854884 0.3888888888888889 0.7001194357872009
41 0.6617647058823529 0.6629958947499593 0.5555555555555556 0.6975809534390768
42 0.6421568627450981 0.6592708831908656 0.5833333333333334 0.6825763715638055
43 0.6470588235294118 0.6571904023488363 0.3333333333333333 0.7070488333702087
44 0.6691176470588235 0.6561171283908919 0.4444444444444444 0.7115645673539903
45 0.6348039215686274 0.6525527121973973 0.6944444444444444 0.6650960511631436
46 0.6813725490196079 0.6505597344800538 0.5277777777777778 0.690782904624939
47 0.6323529411764706 0.6504277055170021 0.6666666666666666 0.6738544834984673
48 0.6813725490196079 0.6480510217301986 0.4166666666666667 0.7001126607259115
49 0.6666666666666666 0.6447243155801997 0.5833333333333334 0.6749585734473335
50 0.6887254901960784 0.6411255060457716 0.5833333333333334 0.7036316527260674
51 0.678921568627451 0.6409080133718603 0.6111111111111112 0.6785983112123277
52 0.6568627450980392 0.6401611858723211 0.5555555555555556 0.693354606628418
53 0.678921568627451 0.6387946506341299 0.6111111111111112 0.6579107642173767
54 0.6691176470588235 0.6355237750446096 0.5 0.7056354085604349
55 0.6813725490196079 0.6351072960624508 0.5 0.6861372258928087
56 0.696078431372549 0.6329427194945952 0.5277777777777778 0.6980147891574435
57 0.6715686274509803 0.6297431745949913 0.5 0.7036722699801127
58 0.678921568627451 0.6303882183981877 0.6388888888888888 0.6523693799972534
59 0.6838235294117647 0.6269999394814173 0.4722222222222222 0.7113687462276883
60 0.6691176470588235 0.6281750529420143 0.4444444444444444 0.6929431425200568
61 0.696078431372549 0.6245357090351629 0.5 0.709598163763682
62 0.6985294117647058 0.6260810240226633 0.5555555555555556 0.6765883962313334
63 0.6838235294117647 0.6249054249595193 0.4166666666666667 0.7159887552261353
64 0.6813725490196079 0.6239905839457232 0.5833333333333334 0.6672194335195754
65 0.7107843137254902 0.618641494828112 0.5277777777777778 0.6892048716545105
66 0.6715686274509803 0.6213985316309274 0.5277777777777778 0.6819036404291788
67 0.7156862745098039 0.6166605420556723 0.5833333333333334 0.6743986672825284
68 0.6862745098039216 0.6188627034425735 0.3611111111111111 0.7171732121043735
69 0.7034313725490197 0.6168537648285136 0.6111111111111112 0.671145154370202
70 0.7107843137254902 0.6173335021617365 0.5277777777777778 0.6868987017207675
71 0.6985294117647058 0.6136522766421822 0.4722222222222222 0.707873158984714
72 0.6936274509803921 0.6127740232383504 0.7222222222222222 0.6302806735038757
73 0.6985294117647058 0.6132306681544173 0.5555555555555556 0.6863484382629395
74 0.7034313725490197 0.6143017785221923 0.5555555555555556 0.6971706549326578
75 0.7132352941176471 0.6091832147509444 0.5 0.701693766646915
76 0.6862745098039216 0.6122103786351634 0.5833333333333334 0.6699792941411337
77 0.7107843137254902 0.6053247223882114 0.5833333333333334 0.675810330443912
78 0.7009803921568627 0.6097684710049162 0.4166666666666667 0.7104367150200738
79 0.7009803921568627 0.6092371414689457 0.6111111111111112 0.668383432759179
80 0.7156862745098039 0.6069085878484389 0.5555555555555556 0.6854478584395515
81 0.7107843137254902 0.6080578209138384 0.6111111111111112 0.6593205862575107
82 0.7352941176470589 0.6018220332323336 0.5 0.6847380267249213
83 0.7132352941176471 0.6079638530226315 0.5277777777777778 0.6999812258614434
84 0.7254901960784313 0.6006821937420789 0.6111111111111112 0.6657339334487915
85 0.7034313725490197 0.6042963234232921 0.5277777777777778 0.6854505870077345
86 0.7279411764705882 0.6017518768123552 0.5277777777777778 0.6748645702997843
87 0.7132352941176471 0.6051897976328345 0.5 0.6966590285301208
88 0.7230392156862745 0.6050465895849115 0.5555555555555556 0.6890876823001437
89 0.7230392156862745 0.596862899906495 0.5555555555555556 0.6923443807495965
90 0.6985294117647058 0.6043607291637683 0.5833333333333334 0.6798015634218851
91 0.7279411764705882 0.6003574328679665 0.5277777777777778 0.681574112839169
92 0.7328431372549019 0.5961773296197256 0.5 0.6899495124816895
93 0.7205882352941176 0.5998635590076447 0.5555555555555556 0.687576174736023
94 0.7279411764705882 0.5983053910381654 0.5555555555555556 0.6997003555297852
95 0.7230392156862745 0.5971502907135907 0.4722222222222222 0.7167301376660665
96 0.7303921568627451 0.5989377516157487 0.6388888888888888 0.6722788678275214
97 0.7181372549019608 0.5983584076166153 0.4722222222222222 0.681781636344062
98 0.7279411764705882 0.5970179082131853 0.5555555555555556 0.6855108605490791
99 0.7279411764705882 0.5966970359577852 0.6666666666666666 0.6644376847479079
100 0.7254901960784313 0.598340199566355 0.4166666666666667 0.7120072642962137
101 0.7279411764705882 0.5984074742186303 0.6111111111111112 0.6960778832435608
102 0.7352941176470589 0.5892196174930123 0.5555555555555556 0.6971096462673612
103 0.7401960784313726 0.5952144869986702 0.5 0.6853424509366354
104 0.7377450980392157 0.5938377368683908 0.6111111111111112 0.6806007160080804
105 0.7328431372549019 0.5937005307744531 0.5 0.700958079761929
106 0.7132352941176471 0.595845580977552 0.5555555555555556 0.6777460840013292
107 0.75 0.5898597512175056 0.5555555555555556 0.6960451470481025
108 0.7352941176470589 0.5951353828696644 0.6111111111111112 0.675823363992903
109 0.7328431372549019 0.5921317470424315 0.6666666666666666 0.6680310302310519
110 0.7303921568627451 0.5943064318568099 0.5 0.6969210637940301
111 0.7450980392156863 0.5898935601991766 0.5277777777777778 0.7002728448973762
112 0.7352941176470589 0.5941592405239741 0.5555555555555556 0.6672252416610718
113 0.7377450980392157 0.5868772537100548 0.4722222222222222 0.7124955190552605
114 0.7279411764705882 0.5921556485049865 0.5 0.6709806389278836
115 0.7450980392156863 0.587148547464726 0.5833333333333334 0.681539860036638
116 0.7401960784313726 0.5884055203082514 0.5277777777777778 0.7031269272168478
117 0.7352941176470589 0.5906782416152019 0.4722222222222222 0.6990022725529141
118 0.7450980392156863 0.5903305133768156 0.6111111111111112 0.6787177721659342
119 0.7450980392156863 0.5871754878876256 0.5555555555555556 0.6901511152585348
120 0.7401960784313726 0.5914534897196526 0.6388888888888888 0.6755916012658013
121 0.75 0.5871147069276548 0.5 0.6971664826075236
122 0.7671568627450981 0.585709681113561 0.6388888888888888 0.6715641684002347
123 0.7377450980392157 0.5885040409424726 0.5 0.7021701402134366
124 0.7549019607843137 0.5850055843007331 0.5277777777777778 0.7009411652882894
125 0.7377450980392157 0.5891224540331784 0.6388888888888888 0.6743040084838867
126 0.7450980392156863 0.5855296788846746 0.5 0.6840030683411492
127 0.7475490196078431 0.5878185252932941 0.5833333333333334 0.6896369059880575
128 0.7450980392156863 0.5876025814636081 0.4722222222222222 0.7226263417137994
129 0.7524509803921569 0.5861013046666688 0.5555555555555556 0.6872717473242018
130 0.75 0.5865926193256005 0.5277777777777778 0.6932187875111898
131 0.7549019607843137 0.5857513955995148 0.5277777777777778 0.7006040281719632
132 0.7426470588235294 0.5899910643404606 0.5833333333333334 0.6686330570114983
133 0.7647058823529411 0.5789471908527262 0.5833333333333334 0.6877111196517944
134 0.7377450980392157 0.591697256062545 0.5833333333333334 0.6739201678170098
135 0.7696078431372549 0.5776329884926478 0.4722222222222222 0.7185733053419325
136 0.7524509803921569 0.583701442269718 0.5833333333333334 0.6931307713190714
137 0.7524509803921569 0.5847468186242908 0.5833333333333334 0.6772899826367696
138 0.7377450980392157 0.5858382112255284 0.5 0.7041507230864631
139 0.7475490196078431 0.5843279759089152 0.5555555555555556 0.6866822573873732
140 0.7524509803921569 0.5864481879215614 0.5833333333333334 0.6652845607863532
141 0.7598039215686274 0.5796283179638433 0.5277777777777778 0.7045298351181878
142 0.7426470588235294 0.5849987826510972 0.6388888888888888 0.6690187917815315
143 0.7549019607843137 0.5839761478059432 0.4722222222222222 0.70624264743593
144 0.7426470588235294 0.5822629408509123 0.6111111111111112 0.6957960724830627
145 0.7549019607843137 0.5830290633089402 0.5833333333333334 0.6822777986526489
146 0.7377450980392157 0.5878860690430099 0.5555555555555556 0.7021150324079726
147 0.7598039215686274 0.5791579517079335 0.5277777777777778 0.7138881617122226
148 0.7524509803921569 0.5828079303690031 0.5555555555555556 0.6789722442626953
149 0.7524509803921569 0.5822856312288958 0.5555555555555556 0.6990135709444681
150 0.7450980392156863 0.5845935160622877 0.5555555555555556 0.7059880528185103
151 0.7598039215686274 0.5764118926782235 0.5833333333333334 0.6881545252270169
152 0.7524509803921569 0.5836861942913018 0.5833333333333334 0.6823470658726163
153 0.7524509803921569 0.5816816743098053 0.5555555555555556 0.687035772535536
154 0.7524509803921569 0.5810494969288508 0.5277777777777778 0.6988505522410074
155 0.7573529411764706 0.5804243613691891 0.5277777777777778 0.6844572093751695
156 0.75 0.5847372979510064 0.6111111111111112 0.6845355563693576
157 0.7524509803921569 0.5823173222004199 0.5277777777777778 0.7112776769532098
158 0.7573529411764706 0.5774574294394138 0.5555555555555556 0.6822042663892111
159 0.7450980392156863 0.5840285665848676 0.4722222222222222 0.7297691967752244
160 0.7598039215686274 0.5801523009351656 0.6111111111111112 0.6637900140550401
161 0.7549019607843137 0.5804960222220888 0.5277777777777778 0.6964319348335266
162 0.7549019607843137 0.5799145353775398 0.5 0.7102273172802396
163 0.7450980392156863 0.5832803763595282 0.6111111111111112 0.6796485715442233
164 0.7622549019607843 0.577300414443016 0.4722222222222222 0.6977179249127706
165 0.7622549019607843 0.5819581644792183 0.6388888888888888 0.6861622532208761
166 0.7622549019607843 0.5766860083037731 0.6111111111111112 0.6795637077755399
167 0.7426470588235294 0.581830513827941 0.4166666666666667 0.7220686541663276
168 0.7573529411764706 0.5798400514850429 0.5833333333333334 0.6935479640960693
169 0.7573529411764706 0.5818029431735768 0.5555555555555556 0.6932529475953844
170 0.7524509803921569 0.5808453323209987 0.5555555555555556 0.6879585716459486
171 0.7622549019607843 0.5773388661590277 0.5555555555555556 0.6906379395061069
172 0.7622549019607843 0.5819338793848076 0.4722222222222222 0.6975490781995985
173 0.7598039215686274 0.5784128635537391 0.5833333333333334 0.6862822572390238
174 0.7524509803921569 0.5789182896123213 0.5277777777777778 0.6842551694975959
175 0.7598039215686274 0.5808306546772227 0.5555555555555556 0.7046618792745802
176 0.7524509803921569 0.5800866250898323 0.6388888888888888 0.664255764749315
177 0.7671568627450981 0.5764038700099084 0.4722222222222222 0.7050740718841553
178 0.7549019607843137 0.5800445009680355 0.5 0.7245178884930081
179 0.7573529411764706 0.5805064355041466 0.6111111111111112 0.6664133336808946
180 0.7573529411764706 0.577018232030027 0.5277777777777778 0.6878644625345866
181 0.7598039215686274 0.5787921948175804 0.5555555555555556 0.7009034156799316
182 0.7549019607843137 0.5817971080541611 0.5 0.7005287806193033
183 0.7622549019607843 0.5762036375555337 0.5833333333333334 0.6879615386327108
184 0.7671568627450981 0.5761667361446455 0.5555555555555556 0.6960748036702474
185 0.7524509803921569 0.5797668546438217 0.4444444444444444 0.7168514000044929
186 0.7573529411764706 0.5779382332282907 0.5833333333333334 0.6897273659706116
187 0.7573529411764706 0.5820744937541438 0.6111111111111112 0.6563253601392111
188 0.7622549019607843 0.5726011316565907 0.4722222222222222 0.7359238465627035
189 0.7549019607843137 0.579747442521301 0.5833333333333334 0.6779644754197862
190 0.7573529411764706 0.5755263327383527 0.5555555555555556 0.69402457608117
191 0.75 0.5841707137285495 0.5 0.6929854154586792
192 0.7622549019607843 0.5731301211258945 0.5 0.7044260435634189
193 0.7549019607843137 0.5803291455787771 0.5555555555555556 0.6917508509423997
194 0.7647058823529411 0.5762495042062273 0.5277777777777778 0.6999942594104342
195 0.7549019607843137 0.5802137942290774 0.5277777777777778 0.7063474456469218
196 0.7647058823529411 0.575499660244175 0.5277777777777778 0.6958770222134061
197 0.7598039215686274 0.5766646742236381 0.6388888888888888 0.6839957303471036
198 0.7598039215686274 0.57845458826598 0.5555555555555556 0.6785419450865852
199 0.7671568627450981 0.5758435182711658 0.4722222222222222 0.7180360886785719
