0 0.5102272727272728 0.6891616599126296 0.5238095238095238 0.6381168933141799
1 0.7113636363636363 0.615219038318504 0.8928571428571429 0.5868784458864302
2 0.7761363636363636 0.5802317594940012 0.7857142857142857 0.5556647607258388
3 0.7772727272727272 0.559127295694568 0.9285714285714286 0.5188921377772376
4 0.7943181818181818 0.5426602719859643 0.9404761904761905 0.505690336227417
5 0.8068181818181818 0.5387487834150141 0.8928571428571429 0.5161495435805548
6 0.8125 0.5318960963325067 0.9404761904761905 0.5075777016934895
7 0.8022727272727272 0.5320335814898665 0.9642857142857143 0.5004840862183344
8 0.8079545454545455 0.5321639398282224 0.8809523809523809 0.4975092169784364
9 0.8068181818181818 0.5244493065909905 0.9166666666666666 0.4919570939881461
10 0.8193181818181818 0.5245370581746102 0.8928571428571429 0.5029480883053371
11 0.8204545454545454 0.5253582686185837 0.9642857142857143 0.4904575787839435
12 0.825 0.5200875646688722 0.9285714285714286 0.48750990487280343
13 0.8204545454545454 0.5187443130395629 0.9047619047619048 0.49920171924999784
14 0.8102272727272727 0.5200129865245385 0.9761904761904762 0.48497079951422556
15 0.8272727272727273 0.5123798718506639 0.9523809523809523 0.47697879870732623
16 0.8090909090909091 0.5142949910326438 0.9523809523809523 0.4798989906197503
17 0.8352272727272727 0.5085663202134045 0.9166666666666666 0.48044835669653757
18 0.8295454545454546 0.508485408262773 0.9523809523809523 0.4811378689039321
19 0.8386363636363636 0.5052452684803442 0.9166666666666666 0.4709640642007192
20 0.8397727272727272 0.5022501136768948 0.9642857142857143 0.46503962931178866
21 0.8420454545454545 0.49969004934484307 0.9166666666666666 0.4683082926841009
22 0.8409090909090909 0.4983670624819669 0.9642857142857143 0.4579201241334279
23 0.8318181818181818 0.4976918559182774 0.9523809523809523 0.45896013861610774
24 0.8534090909090909 0.4893565657463941 0.9404761904761905 0.44976204491796945
25 0.8511363636363637 0.49001483524387535 0.9285714285714286 0.4627081368650709
26 0.8681818181818182 0.4816153644160791 0.9642857142857143 0.43771477398418246
27 0.8647727272727272 0.4801069298928434 0.9642857142857143 0.43684696725436617
28 0.8704545454545455 0.47534951730207964 0.9523809523809523 0.4388429792154403
29 0.8681818181818182 0.47275263369083403 0.9166666666666666 0.4344206580093929
30 0.8784090909090909 0.4672719596461816 0.9523809523809523 0.42592770145052955
31 0.8795454545454545 0.46712637828154996 0.9523809523809523 0.42439113770212444
32 0.8784090909090909 0.4623180951584469 0.9642857142857143 0.41816488192194984
33 0.8909090909090909 0.4600807386365804 0.9523809523809523 0.42721815762065707
34 0.8863636363636364 0.4603408715941689 0.9523809523809523 0.4078270523321061
35 0.8943181818181818 0.4566653687845577 0.9523809523809523 0.4226047013487135
36 0.8875 0.45248491208661684 0.9404761904761905 0.4165441720258622
37 0.9 0.4525831026109782 0.9642857142857143 0.40389575135140193
38 0.8988636363636363 0.4489879618991505 0.9404761904761905 0.4081290264924367
39 0.8954545454545455 0.44818112687631084 0.9404761904761905 0.407691661800657
40 0.8943181818181818 0.44868512099439445 0.9285714285714286 0.41057637901533217
41 0.9 0.44843264628540386 0.9166666666666666 0.42444756343251183
42 0.9056818181818181 0.443168439512903 0.9761904761904762 0.39738781111580984
43 0.9113636363636364 0.43998122093352404 0.9523809523809523 0.4010152987071446
44 0.9056818181818181 0.44189923080531035 0.9404761904761905 0.40971643867946805
45 0.9113636363636364 0.43873468515547837 0.9047619047619048 0.4215953137193407
46 0.9068181818181819 0.43815999166531994 0.9761904761904762 0.38141257422310965
47 0.9125 0.4363690949299119 0.9285714285714286 0.41306847901571364
48 0.9102272727272728 0.43727295087142426 0.9404761904761905 0.403668456134342
49 0.9113636363636364 0.4345807053826072 0.9404761904761905 0.409650315841039
50 0.9079545454545455 0.43640931140292777 0.9404761904761905 0.3980791810012999
51 0.9113636363636364 0.4326024637980895 0.9404761904761905 0.40508160846573965
52 0.9079545454545455 0.4341071353717284 0.9523809523809523 0.3957243235338302
53 0.9147727272727273 0.42863359424200925 0.9523809523809523 0.3956073040053958
54 0.9136363636363637 0.4315461737188426 0.9523809523809523 0.39505957279886517
55 0.9159090909090909 0.4269595377824523 0.9404761904761905 0.40707574713797795
56 0.9159090909090909 0.4285082455385815 0.9523809523809523 0.3958312060151781
57 0.9159090909090909 0.4276955750855533 0.9404761904761905 0.39820443164734615
58 0.9147727272727273 0.42551830234852706 0.9404761904761905 0.39343937521889094
59 0.9193181818181818 0.4269302872094241 0.9285714285714286 0.40173170112428214
60 0.9193181818181818 0.42547861405394294 0.9523809523809523 0.38411779205004376
61 0.9159090909090909 0.42338300807909535 0.9523809523809523 0.38227077041353497
62 0.9238636363636363 0.42338418188420207 0.9404761904761905 0.3949695314679827
63 0.9181818181818182 0.4232275358655236 0.9642857142857143 0.3855086933998835
64 0.928409090909091 0.42345422384413806 0.9404761904761905 0.39676764323597863
65 0.9227272727272727 0.4186538521539081 0.9285714285714286 0.39192056513967966
66 0.9215909090909091 0.42082105441526935 0.9285714285714286 0.4003059551829383
67 0.928409090909091 0.42007266553965483 0.9523809523809523 0.38893302707445054
68 0.928409090909091 0.4177875509316271 0.9523809523809523 0.37676771056084407
69 0.9170454545454545 0.4189929787408222 0.9285714285714286 0.39029393735386075
70 0.9238636363636363 0.4176939682527022 0.9523809523809523 0.3825668564864567
71 0.9215909090909091 0.4175451590256257 0.9285714285714286 0.3993763852687109
72 0.925 0.41788032678040593 0.9642857142857143 0.37799469913755146
73 0.9295454545454546 0.41457885530861943 0.9404761904761905 0.384390427952721
74 0.9295454545454546 0.41420719704844733 0.9404761904761905 0.388257398491814
75 0.9272727272727272 0.41472991583022206 0.9285714285714286 0.39650692542394
76 0.9238636363636363 0.41401310508901423 0.9523809523809523 0.3806849860009693
77 0.9272727272727272 0.41379949978806757 0.9285714285714286 0.3980860412120819
78 0.9215909090909091 0.4140466287732124 0.9642857142857143 0.37599797192074
79 0.925 0.4122275981036099 0.9523809523809523 0.38859643254961285
80 0.9306818181818182 0.412816669317809 0.9404761904761905 0.39037770458630155
81 0.9306818181818182 0.4107120291753249 0.9404761904761905 0.3844591592039381
82 0.9238636363636363 0.4111103877425194 0.9523809523809523 0.3783226297015235
83 0.928409090909091 0.40956440310586584 0.9404761904761905 0.3859312960079738
84 0.9295454545454546 0.4109097889878533 0.9523809523809523 0.3797275594302586
85 0.925 0.4103113439950076 0.9523809523809523 0.3853345513343811
86 0.9306818181818182 0.408200226995078 0.9523809523809523 0.38279396579379127
87 0.9272727272727272 0.40997649200937963 0.9523809523809523 0.38331366578737897
88 0.9318181818181818 0.40756301283836366 0.9404761904761905 0.3903039764790308
89 0.9261363636363636 0.4083535993641073 0.9404761904761905 0.3838124786104475
90 0.9272727272727272 0.407172139395367 0.9404761904761905 0.38349190780094694
91 0.9306818181818182 0.4065773218870163 0.9166666666666666 0.40112886258534025
92 0.925 0.40713975876569747 0.9642857142857143 0.3776313548996335
93 0.9227272727272727 0.4082619089971889 0.9523809523809523 0.3744526391937619
94 0.9295454545454546 0.4049613420258869 0.9523809523809523 0.38095445434252423
95 0.928409090909091 0.40602437447417866 0.9523809523809523 0.37968319938296363
96 0.9295454545454546 0.4064474840055812 0.9523809523809523 0.3840127558935256
97 0.9306818181818182 0.4044864944436333 0.9166666666666666 0.3944905201594035
98 0.928409090909091 0.4043669028715654 0.9642857142857143 0.36619327323777334
99 0.9329545454545455 0.4043520694429224 0.9404761904761905 0.3960386259215219
100 0.9261363636363636 0.40274614881385457 0.9404761904761905 0.38138859896432786
101 0.9318181818181818 0.4043441299687732 0.9642857142857143 0.36959118360564824
102 0.9352272727272727 0.4025340143929828 0.9404761904761905 0.37927359484490897
103 0.9340909090909091 0.40261319902810183 0.9285714285714286 0.38868073906217304
104 0.9306818181818182 0.40348583256656473 0.9523809523809523 0.37933574829782757
105 0.9340909090909091 0.40120029923590744 0.9523809523809523 0.3786794458116804
106 0.9352272727272727 0.4011013483459299 0.9166666666666666 0.4028171386037554
107 0.9318181818181818 0.4025428395379673 0.9761904761904762 0.35491199010894414
108 0.9318181818181818 0.4025775031609969 0.9404761904761905 0.3883709680466425
109 0.9340909090909091 0.4021906844594262 0.9523809523809523 0.3811570264044262
110 0.9340909090909091 0.39969866397705944 0.9642857142857143 0.37259572176706224
111 0.9363636363636364 0.4005022859031504 0.9404761904761905 0.38226906884284245
112 0.9375 0.3996199365366589 0.9523809523809523 0.377821208465667
113 0.9329545454545455 0.4006523789329962 0.9404761904761905 0.3887205578031994
114 0.9352272727272727 0.39935658208348535 0.9523809523809523 0.37538708675475346
115 0.9329545454545455 0.39853027923540635 0.9285714285714286 0.39439772140412105
116 0.9409090909090909 0.3987698978998444 0.9523809523809523 0.377914826075236
117 0.9318181818181818 0.4005939998409965 0.9404761904761905 0.37591642141342163
118 0.9386363636363636 0.3993735538287596 0.9523809523809523 0.379518225079491
119 0.9340909090909091 0.39852822870016097 0.9523809523809523 0.37388010252089726
120 0.9386363636363636 0.39950463771820066 0.9642857142857143 0.369313276949383
121 0.9352272727272727 0.3989756501533768 0.9523809523809523 0.376874749149595
122 0.9375 0.3977095738053322 0.9285714285714286 0.3940274403208778
123 0.9375 0.39814422035759145 0.9404761904761905 0.3789577171916053
124 0.9352272727272727 0.3976984468373385 0.9523809523809523 0.3745700858888172
125 0.9375 0.3983542537147349 0.9404761904761905 0.38523841329983305
126 0.9375 0.3971567144448107 0.9642857142857143 0.3718789319197337
127 0.9340909090909091 0.3980741625482386 0.9404761904761905 0.37699395701998756
128 0.9409090909090909 0.39588496495376935 0.9166666666666666 0.39888455612318857
129 0.9409090909090909 0.39567884586074137 0.9642857142857143 0.37152635767346337
130 0.9386363636363636 0.3960305092009631 0.9523809523809523 0.37802329659461975
131 0.9420454545454545 0.3958781934597275 0.9523809523809523 0.37288843166260494
132 0.9397727272727273 0.3959162862463431 0.9642857142857143 0.37108464751924786
133 0.9397727272727273 0.394932636347684 0.9404761904761905 0.3857197349979764
134 0.9363636363636364 0.39714329784566704 0.9523809523809523 0.37632129305884954
135 0.9386363636363636 0.3943698732690378 0.9642857142857143 0.36985122447922114
136 0.9363636363636364 0.39610031274232 0.9404761904761905 0.38147789523715064
137 0.9375 0.39475406367670407 0.9404761904761905 0.38062730005809237
138 0.9386363636363636 0.39539693079211496 0.9166666666666666 0.3932991978668031
139 0.9375 0.3946053355932236 0.9642857142857143 0.3626561689944494
140 0.9420454545454545 0.39520156288688835 0.9523809523809523 0.3783421828633263
141 0.9340909090909091 0.3949346588416533 0.9404761904761905 0.3839131324064164
142 0.9363636363636364 0.39510736831209875 0.9642857142857143 0.3673710510844276
143 0.9397727272727273 0.3934901913458651 0.9523809523809523 0.37475080717177617
144 0.9431818181818182 0.3945394216613336 0.9404761904761905 0.3834961326349349
145 0.9420454545454545 0.39318162582137367 0.9642857142857143 0.3704361149242946
146 0.9409090909090909 0.3942671666091139 0.9404761904761905 0.37886832157770794
147 0.9397727272727273 0.3934930740432306 0.9642857142857143 0.36881194653965177
148 0.9386363636363636 0.3936182901263237 0.9404761904761905 0.3851263281844911
149 0.9375 0.39382562041282654 0.9642857142857143 0.36563826600710553
150 0.9397727272727273 0.3942806241187182 0.9523809523809523 0.37592634700593497
151 0.9397727272727273 0.39286635518074037 0.9404761904761905 0.3837067059108189
152 0.9420454545454545 0.3925996793942018 0.9642857142857143 0.3672934827350435
153 0.9409090909090909 0.39203780659220433 0.9523809523809523 0.38025818126542227
