0 0.48853211009174313 0.6940175869049282 0.5 0.6930024862289429
1 0.481651376146789 0.6932200494162534 0.65 0.69294593334198
2 0.5206422018348624 0.6931472464438972 0.525 0.6924654304981231
3 0.5619266055045872 0.6928777350198239 0.6 0.6922569096088409
4 0.5275229357798165 0.6929972204593343 0.55 0.6922037363052368
5 0.5389908256880734 0.6927066100846737 0.525 0.6915696084499359
6 0.5458715596330275 0.6922203007094357 0.7 0.689910489320755
7 0.5573394495412844 0.6916870217804515 0.575 0.691106253862381
8 0.5665137614678899 0.690729463319166 0.5 0.6889100730419159
9 0.536697247706422 0.6886847801164749 0.475 0.6903331875801086
10 0.5688073394495413 0.6873229135067092 0.675 0.6820606768131257
11 0.555045871559633 0.6842256806312351 0.45 0.6943722128868103
12 0.5871559633027523 0.6803070870014506 0.5 0.675070732831955
13 0.5802752293577982 0.6797629365133583 0.45 0.701814717054367
14 0.6077981651376146 0.677966925529165 0.5 0.6980644881725311
15 0.5802752293577982 0.6763597360444725 0.55 0.6639512538909912
16 0.6009174311926605 0.6721661151002306 0.7 0.6526533305644989
17 0.5940366972477065 0.6680542635261466 0.625 0.6721464633941651
18 0.5711009174311926 0.6741685057998797 0.65 0.6622178554534912
19 0.591743119266055 0.6663928436576774 0.7 0.6458249986171722
20 0.6009174311926605 0.6645517458609485 0.65 0.6571428179740906
21 0.6009174311926605 0.6560507490547425 0.575 0.6535216867923737
22 0.6055045871559633 0.6680783719644634 0.625 0.657705795764923
23 0.5825688073394495 0.6604216894425383 0.6 0.6500292360782624
24 0.5986238532110092 0.6579772988590625 0.55 0.6714551627635956
25 0.6009174311926605 0.6578956730322006 0.725 0.6237925589084625
26 0.6009174311926605 0.6572780589991754 0.6 0.6783457815647125
27 0.6215596330275229 0.6560861665174502 0.725 0.6146004378795624
28 0.6100917431192661 0.6567559031718367 0.625 0.661259800195694
29 0.6215596330275229 0.6496021807740587 0.65 0.6497972428798675
30 0.6215596330275229 0.6507895370142176 0.675 0.6265394926071167
31 0.6284403669724771 0.6465142787596502 0.65 0.6414193421602249
32 0.6146788990825688 0.6494885193645408 0.625 0.6504636347293854
33 0.6261467889908257 0.6435243900215953 0.625 0.6504657566547394
34 0.6192660550458715 0.6513654860334659 0.7 0.6317048370838165
35 0.6032110091743119 0.6474753719404203 0.625 0.6679169952869415
36 0.6330275229357798 0.6417922147917091 0.6 0.654752790927887
37 0.6536697247706422 0.635857899528031 0.65 0.6234768927097321
38 0.6055045871559633 0.6437121315286793 0.6 0.6568421125411987
39 0.6330275229357798 0.6358162621292499 0.675 0.6203045129776001
40 0.6399082568807339 0.6336898724420355 0.55 0.6781823873519898
41 0.6399082568807339 0.6348220249381634 0.625 0.6511170983314514
42 0.6422018348623854 0.6337709312045247 0.65 0.6252744913101196
43 0.6238532110091743 0.6320384773639364 0.575 0.6896409034729004
44 0.6353211009174312 0.6317797248516608 0.625 0.6453882694244385
45 0.658256880733945 0.6283563884026414 0.65 0.6436472117900849
46 0.6399082568807339 0.6310995092632574 0.65 0.6183167576789856
47 0.6605504587155964 0.6213659575772942 0.575 0.6802459359169006
48 0.6490825688073395 0.6295159841896197 0.575 0.6604715287685394
49 0.6536697247706422 0.6216359064666503 0.625 0.6469197601079941
50 0.6559633027522935 0.6230438392643535 0.575 0.6344046354293823
51 0.6651376146788991 0.6216581239612824 0.575 0.6588424146175385
52 0.6444954128440367 0.6204628761208385 0.7 0.6114592254161835
53 0.658256880733945 0.6195368878885147 0.6 0.6734327256679535
54 0.6697247706422018 0.6177149904430459 0.65 0.6513164579868317
55 0.6697247706422018 0.6166436117176616 0.675 0.6221832036972046
56 0.6467889908256881 0.6157526592595861 0.65 0.6516161799430847
57 0.6788990825688074 0.6130924391637155 0.65 0.636392942070961
58 0.6513761467889908 0.6193688006029217 0.575 0.6355171442031861
59 0.6605504587155964 0.6186487330209225 0.6 0.6465635120868682
60 0.6628440366972477 0.6130130575337541 0.625 0.6310739696025849
61 0.6811926605504587 0.6105977428068808 0.6 0.634773725271225
62 0.6697247706422018 0.6085295967005808 0.6 0.6498236298561096
63 0.6720183486238532 0.6064517899937586 0.575 0.6484466910362243
64 0.658256880733945 0.6080128252506256 0.625 0.646701580286026
65 0.6720183486238532 0.6060251011214125 0.575 0.6545508980751038
66 0.6788990825688074 0.6021317300993368 0.65 0.6205788731575013
67 0.6674311926605505 0.6047096845753696 0.525 0.6478948026895524
68 0.6697247706422018 0.6058483006210502 0.625 0.6530543863773346
69 0.6720183486238532 0.6000078541970034 0.625 0.6407214760780334
70 0.6628440366972477 0.6022353566021 0.525 0.6783430457115174
71 0.6697247706422018 0.5968749703617271 0.675 0.618359363079071
72 0.676605504587156 0.5990199386526686 0.6 0.6475695222616196
73 0.6834862385321101 0.5987557366900488 0.675 0.6293824523687362
74 0.6720183486238532 0.5975926373529872 0.6 0.6504206657409668
75 0.6857798165137615 0.5978264693820149 0.6 0.6553768068552017
76 0.7110091743119266 0.5931767854121847 0.6 0.6580601632595062
77 0.6903669724770642 0.5924948864026901 0.575 0.6269250482320785
78 0.6880733944954128 0.5962104070077249 0.55 0.6510317921638489
79 0.6811926605504587 0.5933253032351853 0.675 0.6480661302804946
80 0.6811926605504587 0.5962156792846295 0.6 0.6495520055294037
81 0.6972477064220184 0.5915400492488792 0.625 0.640580815076828
82 0.6788990825688074 0.5928388875012004 0.65 0.6344206035137177
83 0.7018348623853211 0.5912123008058705 0.625 0.6379797577857971
84 0.7178899082568807 0.5903262353818352 0.575 0.6577114462852478
85 0.7087155963302753 0.5854251239824733 0.525 0.646983677148819
86 0.6857798165137615 0.5909993894603274 0.65 0.6218682020902634
87 0.7247706422018348 0.586418385899395 0.425 0.7030551314353943
88 0.7087155963302753 0.5851454428576548 0.65 0.6227314114570618
89 0.7018348623853211 0.5880828363086106 0.525 0.6584845185279846
90 0.7041284403669725 0.5865964342694764 0.65 0.623128491640091
91 0.7224770642201835 0.5854739068298165 0.675 0.6278763294219971
92 0.7064220183486238 0.585956318662801 0.625 0.6424239337444305
93 0.7293577981651376 0.5857318426490924 0.5 0.6673807442188263
94 0.7201834862385321 0.5812097910894166 0.65 0.6112763911485672
95 0.7178899082568807 0.5844668182758016 0.475 0.6921761572360993
96 0.731651376146789 0.5856870073790944 0.675 0.634460723400116
97 0.7247706422018348 0.5842191062935995 0.6 0.6409623831510544
98 0.7293577981651376 0.5788157740864185 0.55 0.6392988860607147
99 0.7087155963302753 0.5844036070031857 0.575 0.6420982539653778
100 0.7247706422018348 0.5810163975308794 0.6 0.6474921703338623
101 0.7224770642201835 0.5800108187789217 0.6 0.6426808118820191
102 0.7224770642201835 0.5789326320000745 0.6 0.6599193930625915
103 0.7293577981651376 0.5815260694661272 0.525 0.6543528378009796
104 0.7247706422018348 0.579004422240301 0.575 0.644147390127182
105 0.7224770642201835 0.5757268082111253 0.625 0.6292418897151947
106 0.7247706422018348 0.5767213144433607 0.55 0.6734532833099365
107 0.7247706422018348 0.5764585380707312 0.5 0.6515343964099884
108 0.7201834862385321 0.5766687644731014 0.55 0.6530906021595001
109 0.7270642201834863 0.5724496693786131 0.6 0.6333694696426392
110 0.7247706422018348 0.5774243687270978 0.55 0.6531425476074219
111 0.731651376146789 0.5751986574689183 0.45 0.680003771185875
112 0.7293577981651376 0.5760207430485191 0.625 0.6223880231380463
113 0.7362385321100917 0.5746995869579665 0.575 0.6360444605350495
114 0.7339449541284404 0.5742304902011102 0.45 0.6626010417938233
115 0.731651376146789 0.5719451499641488 0.6 0.6244274854660035
116 0.7224770642201835 0.572943077721727 0.575 0.6324297308921814
117 0.7293577981651376 0.5715119699272541 0.525 0.6777137577533722
118 0.7224770642201835 0.5781478808013671 0.55 0.6735321670770645
119 0.7247706422018348 0.5712193843968417 0.575 0.6246309608221055
120 0.7408256880733946 0.5719202516275809 0.6 0.6562824130058289
121 0.7270642201834863 0.5700023732054125 0.55 0.6597147047519684
122 0.7270642201834863 0.5714310626371191 0.5 0.6454510033130646
123 0.75 0.5696102788142108 0.575 0.6343818366527557
124 0.7339449541284404 0.5745626461068425 0.575 0.6601045846939086
125 0.7431192660550459 0.5696625340422359 0.525 0.6558569967746735
126 0.7362385321100917 0.5686049658224124 0.6 0.621105295419693
127 0.731651376146789 0.5715308985032073 0.45 0.6941953122615814
128 0.7293577981651376 0.5714136504252022 0.525 0.6512732923030853
129 0.7339449541284404 0.570361762965491 0.575 0.6202769696712493
130 0.7454128440366973 0.5701042143029904 0.525 0.6548207044601441
131 0.7339449541284404 0.56768810420955 0.45 0.6827896416187287
132 0.731651376146789 0.5688486028155055 0.55 0.6376540660858154
133 0.7568807339449541 0.5695248533279524 0.625 0.6365215569734574
134 0.7408256880733946 0.5682694277632128 0.575 0.6618189334869384
135 0.7270642201834863 0.5676781483199618 0.55 0.6306487143039703
136 0.7454128440366973 0.5643404238267776 0.575 0.6712533354759216
137 0.7522935779816514 0.5695658957739489 0.55 0.6311840772628784
138 0.7362385321100917 0.5678192595823095 0.575 0.6249206900596619
139 0.731651376146789 0.5679928242066584 0.475 0.6823842406272889
140 0.7454128440366973 0.5648416461200889 0.45 0.6816370368003846
141 0.7270642201834863 0.5679072434202247 0.525 0.6438409149646759
142 0.7477064220183486 0.5649734068354335 0.6 0.6205469161272049
143 0.7362385321100917 0.566501759061026 0.5 0.6515990704298019
144 0.7431192660550459 0.5650994870640816 0.5 0.6630543649196625
145 0.7293577981651376 0.5691486443948308 0.475 0.6671016395092011
146 0.7568807339449541 0.5618605362165958 0.6 0.6167424291372299
147 0.7270642201834863 0.5670572677883533 0.475 0.6622360527515412
148 0.75 0.5636443462940531 0.475 0.679254537820816
149 0.7362385321100917 0.5658207191239804 0.575 0.6362577110528946
150 0.7431192660550459 0.5665830967076327 0.5 0.6491468161344528
151 0.7431192660550459 0.5646118035010241 0.45 0.692338490486145
152 0.7545871559633027 0.5605988062303001 0.65 0.5862921178340912
153 0.7408256880733946 0.5667924443516162 0.45 0.6878263413906097
154 0.7545871559633027 0.5612083547705904 0.525 0.6508854746818542
155 0.7454128440366973 0.5630967157696365 0.55 0.6415744990110397
156 0.7545871559633027 0.5609295614268801 0.575 0.6444853067398071
157 0.7454128440366973 0.5662950949931363 0.475 0.6602498143911362
158 0.7591743119266054 0.5579325039999201 0.55 0.6428008049726486
159 0.7454128440366973 0.5642634567317613 0.475 0.6826747179031372
160 0.7454128440366973 0.5619664744499626 0.625 0.5963982939720154
161 0.7477064220183486 0.5628710208682839 0.45 0.6857484877109528
162 0.7385321100917431 0.5642631731995749 0.525 0.6578520178794861
163 0.7545871559633027 0.5605151543923474 0.575 0.6206010043621063
164 0.75 0.5613916207344161 0.475 0.6597983241081238
165 0.75 0.5631752845344193 0.6 0.6367048263549805
166 0.7477064220183486 0.5618787066105309 0.475 0.6800550282001495
167 0.7477064220183486 0.5610283205815412 0.525 0.6324147939682007
168 0.7545871559633027 0.5608219066891101 0.475 0.6792106181383133
169 0.7408256880733946 0.5660730020715556 0.6 0.6208199352025986
170 0.7477064220183486 0.5603279392106817 0.475 0.6651587218046189
171 0.75 0.5621358853414518 0.55 0.646984988451004
172 0.7522935779816514 0.558974912954033 0.5 0.6531619846820831
173 0.7568807339449541 0.5613602793544804 0.55 0.661986431479454
174 0.7477064220183486 0.5624808570660582 0.525 0.6465764194726944
175 0.7431192660550459 0.562058811340857 0.525 0.6447175920009613
176 0.75 0.55969135121468 0.5 0.6569147050380707
177 0.75 0.5640830586262799 0.5 0.6706657648086548
178 0.7545871559633027 0.5576820890291021 0.575 0.6583655506372452
179 0.7522935779816514 0.5600550792632847 0.55 0.6399935781955719
180 0.7408256880733946 0.5603214868711769 0.525 0.6356482565402984
181 0.7614678899082569 0.5574807809033525 0.55 0.6363893747329712
182 0.7477064220183486 0.5615909047629855 0.5 0.6723734021186829
183 0.7591743119266054 0.5594459140519483 0.55 0.6334604799747467
184 0.75 0.5628928569478726 0.55 0.6471585601568222
185 0.7545871559633027 0.5593485818543565 0.475 0.6689509987831116
186 0.75 0.561872770206644 0.475 0.6687746196985245
187 0.7591743119266054 0.557644944398775 0.625 0.6294798225164413
188 0.7477064220183486 0.5609709587665873 0.525 0.644531786441803
189 0.7522935779816514 0.5604407626007675 0.45 0.6781122475862503
190 0.7522935779816514 0.558422336611179 0.525 0.6408550262451171
191 0.75 0.5593925941427913 0.55 0.6600296914577484
192 0.7477064220183486 0.5596898405923756 0.5 0.649675327539444
193 0.7522935779816514 0.5599708436825953 0.475 0.6769910156726837
194 0.7591743119266054 0.558327565499402 0.625 0.6135069549083709
195 0.7477064220183486 0.5597709384533244 0.5 0.6592793524265289
196 0.7614678899082569 0.5566410356705341 0.55 0.6478634595870971
197 0.7477064220183486 0.5606043032549937 0.525 0.6408371448516845
198 0.7591743119266054 0.5604115702690334 0.525 0.6730061292648315
199 0.7614678899082569 0.5571427435503093 0.5 0.6463135123252869
