0 0.5117370892018779 0.6948277695637913 0.575 0.6419224232435227
1 0.6830985915492958 0.6185857302426172 0.75 0.5839682936668396
2 0.8075117370892019 0.5644774089956508 0.8375 0.5406560629606247
3 0.8227699530516432 0.5459598654032873 0.75 0.5575516566634178
4 0.8098591549295775 0.5436965616096353 0.8375 0.5181016802787781
5 0.8145539906103286 0.5353753291105441 0.85 0.5135161444544792
6 0.823943661971831 0.5331350229155849 0.7125 0.5474465906620025
7 0.8227699530516432 0.5273344403421375 0.6875 0.5630047529935837
8 0.8286384976525821 0.5300775345222491 0.75 0.5440297216176987
9 0.8392018779342723 0.5234642221894062 0.8 0.5088676601648331
10 0.8438967136150235 0.520125043923866 0.8375 0.5133297875523567
11 0.8192488262910798 0.5212168142269474 0.8625 0.49595212638378144
12 0.8415492957746479 0.518674823739719 0.825 0.5076720446348191
13 0.8450704225352113 0.5187717785297985 0.825 0.4948206439614296
14 0.8251173708920188 0.5147323502061513 0.775 0.5082475677132606
15 0.8450704225352113 0.5112751539044537 0.775 0.5089866653084755
16 0.8509389671361502 0.5076719761734277 0.7625 0.513937595486641
17 0.8568075117370892 0.5041970511277517 0.775 0.5026265025138855
18 0.8603286384976526 0.5045652169856667 0.725 0.5275889486074448
19 0.852112676056338 0.5029036280974536 0.775 0.5002822443842888
20 0.8556338028169014 0.4996930937252134 0.775 0.5109613493084908
21 0.8650234741784038 0.49683741126821634 0.8125 0.4892268404364586
22 0.8661971830985915 0.4932226018166878 0.8 0.4932703897356987
23 0.8744131455399061 0.4946370958722253 0.8375 0.4771782711148262
24 0.8744131455399061 0.48778920890020094 0.8125 0.48886130303144454
25 0.8708920187793427 0.4860524468018975 0.9125 0.4568805918097496
26 0.8661971830985915 0.48538874698356843 0.7625 0.4974069595336914
27 0.8744131455399061 0.4803795642416242 0.9 0.46120438277721404
28 0.8826291079812206 0.47591782917439096 0.8125 0.4784550741314888
29 0.8732394366197183 0.4747163285391991 0.9 0.4576249450445175
30 0.8767605633802817 0.4716219462699174 0.7875 0.49940790981054306
31 0.8826291079812206 0.47213003948820587 0.8125 0.47251471430063247
32 0.8908450704225352 0.4667730963845768 0.7875 0.497703118622303
33 0.8884976525821596 0.46481352149041044 0.8625 0.45758100152015685
34 0.8931924882629108 0.4614346546466362 0.8875 0.45696190297603606
35 0.8943661971830986 0.4617746991450798 0.85 0.4733277603983879
36 0.897887323943662 0.45734033925992224 0.9 0.4462131425738335
37 0.8967136150234741 0.456123411095758 0.85 0.47075250893831255
38 0.897887323943662 0.4535921169838435 0.85 0.46088805645704267
39 0.9014084507042254 0.4523681279079455 0.9 0.4426971971988678
40 0.9014084507042254 0.4508030698612822 0.9 0.45383381843566895
41 0.897887323943662 0.4488714183440231 0.9 0.45982855558395386
42 0.9084507042253521 0.44553277735978786 0.925 0.43461587876081464
43 0.9025821596244131 0.4461510196817873 0.9 0.45090380162000654
44 0.9084507042253521 0.44288018513733235 0.85 0.4618956908583641
45 0.9119718309859155 0.44056278481170047 0.925 0.44456304609775543
46 0.9131455399061033 0.4403832066506847 0.9 0.44406055808067324
47 0.9084507042253521 0.4392738125413796 0.925 0.43779713213443755
48 0.9061032863849765 0.4375282159433678 0.9 0.43580876737833024
49 0.9072769953051644 0.4379733273400947 0.8875 0.4542904332280159
50 0.9049295774647887 0.4347475463515716 0.925 0.4286467209458351
51 0.9107981220657277 0.43093701469506457 0.85 0.4638892516493797
52 0.9154929577464789 0.43484921340651356 0.925 0.4264027327299118
53 0.9190140845070423 0.428903708015809 0.8125 0.476632159948349
54 0.9178403755868545 0.4304947893664311 0.875 0.44830200225114825
55 0.9154929577464789 0.42884266222586653 0.8875 0.44884505718946455
56 0.9166666666666666 0.42782726660021037 0.8875 0.4355242982506752
57 0.9190140845070423 0.42548436430138603 0.9125 0.43998594731092455
58 0.9119718309859155 0.424560202679164 0.875 0.44677878767251966
59 0.9237089201877934 0.4224686517681874 0.9 0.42559213787317274
60 0.9143192488262911 0.423185967363662 0.9125 0.4183057829737663
61 0.9178403755868545 0.42133091495070657 0.8875 0.44379390925168993
62 0.9154929577464789 0.41980823972415476 0.925 0.4237453520298004
63 0.9166666666666666 0.4197162364570188 0.9125 0.41378701478242874
64 0.92018779342723 0.4181448605978433 0.8875 0.4538129404187202
65 0.92018779342723 0.41727045262363593 0.9125 0.4125746861100197
66 0.92018779342723 0.4164928819092227 0.8875 0.44525409787893294
67 0.926056338028169 0.4163268025212445 0.875 0.44970219731330874
68 0.9237089201877934 0.4146415518483086 0.8875 0.429348923265934
69 0.9154929577464789 0.41417267848628225 0.9375 0.4133951961994171
70 0.9248826291079812 0.4140549604321869 0.875 0.43823823779821397
71 0.926056338028169 0.4125632389050694 0.9 0.4137300685048103
72 0.9237089201877934 0.41129440838742143 0.8875 0.4391009360551834
73 0.9248826291079812 0.41166093665669223 0.8625 0.428667788207531
74 0.9225352112676056 0.4112024308650147 0.9 0.41629031151533125
75 0.92018779342723 0.4101324871951985 0.875 0.4375364750623703
76 0.9225352112676056 0.40900498264832114 0.8875 0.4237402454018593
77 0.9272300469483568 0.40960610626449045 0.85 0.4332802578806877
78 0.9248826291079812 0.406538639270084 0.9375 0.41275533437728884
79 0.9272300469483568 0.40783781666710905 0.9 0.4110792174935341
80 0.9213615023474179 0.4074018783692463 0.9125 0.41380761861801146
81 0.9307511737089202 0.4054971607358243 0.85 0.45199051350355146
82 0.926056338028169 0.4045357164082953 0.9 0.42074987292289734
83 0.931924882629108 0.4037869180871847 0.95 0.40137027353048327
84 0.926056338028169 0.40402406817870523 0.8625 0.4357245221734047
85 0.9248826291079812 0.40416709777894716 0.8875 0.42576507925987245
86 0.9307511737089202 0.4027699781975276 0.925 0.4105160027742386
87 0.9307511737089202 0.40262258164759535 0.8875 0.42686408311128615
88 0.9307511737089202 0.4013007353169258 0.8875 0.42158641666173935
89 0.9307511737089202 0.4023820345110736 0.8625 0.43632413893938066
90 0.9307511737089202 0.3998762265617299 0.875 0.4178681507706642
91 0.9307511737089202 0.4008528620984073 0.9125 0.413545098900795
92 0.9342723004694836 0.3997848000324948 0.875 0.43519851714372637
93 0.9272300469483568 0.39977917984617706 0.9375 0.407193186879158
94 0.9272300469483568 0.401427621432873 0.875 0.44253387451171877
95 0.9330985915492958 0.39678470153763823 0.9 0.42489294409751893
96 0.9366197183098591 0.39866687672238954 0.9125 0.407694810628891
97 0.9366197183098591 0.39777272086188264 0.8875 0.4263178542256355
98 0.937793427230047 0.395879608084898 0.8625 0.4338480055332184
99 0.9342723004694836 0.3964308819300692 0.875 0.4193762853741646
100 0.931924882629108 0.39580803116162616 0.925 0.42665610909461976
101 0.937793427230047 0.3954885650968328 0.9 0.41738231629133227
102 0.9342723004694836 0.3950603489584766 0.8625 0.42894782721996305
103 0.9342723004694836 0.39531494935913264 0.9125 0.4050564095377922
104 0.9342723004694836 0.3959210432471244 0.8875 0.4192754030227661
105 0.9389671361502347 0.39314069350560504 0.8875 0.4273276120424271
106 0.9330985915492958 0.3935297236476146 0.8875 0.41771083772182466
107 0.9342723004694836 0.39350927477711245 0.9 0.4160319834947586
108 0.9354460093896714 0.3935754699326457 0.875 0.4216970428824425
109 0.9330985915492958 0.39418213454210704 0.8875 0.416975325345993
110 0.9342723004694836 0.3921907366441449 0.8875 0.41789614111185075
