0 0.48853211009174313 0.6983368495188722 0.475 0.6700590908527374
1 0.5504587155963303 0.6861870666162684 0.575 0.6782892167568206
2 0.5894495412844036 0.674231323627157 0.75 0.673384714126587
3 0.6192660550458715 0.6662698158430397 0.9 0.652908718585968
4 0.6513761467889908 0.6624519660932209 0.7 0.6881534457206726
5 0.6192660550458715 0.6603074806545852 0.9 0.6564894437789917
6 0.6467889908256881 0.6570151688855722 0.7 0.6856341063976288
7 0.6559633027522935 0.6530994029220091 0.775 0.6594568192958832
8 0.6605504587155964 0.6519542533323306 0.7 0.6575495362281799
9 0.6743119266055045 0.6490148803509703 0.65 0.6650117874145508
10 0.658256880733945 0.6488341656299906 0.625 0.6584385216236115
11 0.6857798165137615 0.6459483389460713 0.6 0.6674516856670379
12 0.7041284403669725 0.6419420734458013 0.75 0.6582376480102539
13 0.676605504587156 0.6398979261380817 0.6 0.6644088685512543
14 0.6788990825688074 0.637868860445985 0.6 0.6504031360149384
15 0.7155963302752294 0.6332847404917445 0.575 0.6557177126407623
16 0.6880733944954128 0.63265585379863 0.65 0.6387706458568573
17 0.7155963302752294 0.6281591232763518 0.625 0.639252096414566
18 0.7224770642201835 0.6256871182437337 0.575 0.6597872793674469
19 0.7155963302752294 0.6241373091662695 0.525 0.6612156152725219
20 0.7270642201834863 0.6202840482423065 0.575 0.6358446061611176
21 0.6972477064220184 0.6204358093235471 0.675 0.6259912461042404
22 0.7178899082568807 0.6182822576903422 0.5 0.6634017914533615
23 0.7155963302752294 0.6187365454271299 0.675 0.6337956428527832
24 0.713302752293578 0.6171777396027102 0.575 0.6441667675971985
25 0.713302752293578 0.6147994297906894 0.625 0.6248047590255738
26 0.7178899082568807 0.6166024085031737 0.55 0.660382890701294
27 0.7087155963302753 0.6146054552235735 0.65 0.634255999326706
28 0.7064220183486238 0.6153191833867939 0.65 0.6185922920703888
29 0.7247706422018348 0.6123073718963413 0.55 0.6414627403020858
30 0.7018348623853211 0.6142958796352421 0.575 0.6476908981800079
31 0.7041284403669725 0.6140057972264946 0.65 0.6168261110782624
32 0.7155963302752294 0.6134976687234476 0.55 0.6595919132232666
33 0.7110091743119266 0.6113355739401021 0.55 0.6361502259969711
34 0.731651376146789 0.6105941156728552 0.675 0.5997526586055756
35 0.7293577981651376 0.609569543818815 0.65 0.6296498775482178
36 0.7178899082568807 0.6087531387259107 0.55 0.6471125364303589
37 0.7270642201834863 0.6085788495496872 0.65 0.6266705334186554
38 0.7178899082568807 0.6074002866351277 0.6 0.6296507894992829
39 0.7201834862385321 0.6100367121740219 0.6 0.6387757301330567
40 0.7224770642201835 0.605164751820608 0.575 0.6352961629629135
41 0.7247706422018348 0.6070398926188093 0.65 0.630059215426445
42 0.7201834862385321 0.6061917917990903 0.525 0.6450598061084747
43 0.7339449541284404 0.6059385631062569 0.7 0.6059531927108764
44 0.7155963302752294 0.607675024402251 0.575 0.6316437363624573
45 0.7408256880733946 0.6013449356643432 0.65 0.6134771257638931
46 0.7178899082568807 0.607375127186469 0.575 0.6385934710502624
47 0.7431192660550459 0.6035298040700615 0.55 0.6596113115549087
48 0.7293577981651376 0.6058753983143272 0.625 0.62239710688591
49 0.7339449541284404 0.6011111605058023 0.55 0.6525767922401429
50 0.7247706422018348 0.6062657258926182 0.675 0.6015436142683029
51 0.7247706422018348 0.6030657283209879 0.65 0.6100673139095306
52 0.7339449541284404 0.6029850878846754 0.625 0.611705657839775
53 0.7362385321100917 0.6001646611668648 0.55 0.653820025920868
54 0.7270642201834863 0.6032373924320991 0.625 0.6107742965221405
55 0.7339449541284404 0.5993579431958155 0.6 0.6448306977748871
56 0.7293577981651376 0.6039264590368358 0.6 0.6219081223011017
57 0.7339449541284404 0.5979199939911518 0.65 0.6392073631286621
58 0.7178899082568807 0.604936918807686 0.55 0.6437081515789032
59 0.7431192660550459 0.5971677254099365 0.625 0.6183181405067444
60 0.7408256880733946 0.5983855109149163 0.7 0.5808241665363312
61 0.7293577981651376 0.5998114869682067 0.625 0.6337723731994629
62 0.7247706422018348 0.6037737210409357 0.6 0.649532961845398
63 0.7454128440366973 0.5959404827257909 0.55 0.6219494342803955
64 0.7339449541284404 0.597920588123689 0.675 0.6203848987817764
65 0.7408256880733946 0.5968313703843213 0.65 0.613146710395813
66 0.731651376146789 0.6030092214772461 0.65 0.6168065577745437
67 0.7293577981651376 0.5983386701400127 0.55 0.6501609504222869
68 0.7408256880733946 0.5975506693945019 0.675 0.5850493103265763
69 0.7293577981651376 0.5967324799900755 0.6 0.619018679857254
70 0.7522935779816514 0.5940142509040482 0.525 0.6570145845413208
71 0.7385321100917431 0.6007461452156032 0.625 0.6043969720602036
72 0.7339449541284404 0.596209313344518 0.6 0.6358263075351716
73 0.7454128440366973 0.5968158567717315 0.65 0.6123021960258483
74 0.7385321100917431 0.5942087118778754 0.625 0.5991923481225967
75 0.7477064220183486 0.595459374539349 0.575 0.6362716645002365
76 0.7362385321100917 0.5969014823983568 0.65 0.5947034567594528
77 0.7362385321100917 0.596389871945075 0.675 0.6113626152276993
78 0.7454128440366973 0.5944893256239935 0.6 0.6287356287240982
79 0.7408256880733946 0.5959207962412353 0.675 0.6062560468912125
80 0.7431192660550459 0.5918705466143582 0.6 0.6278950333595276
81 0.7408256880733946 0.5961933592590717 0.575 0.6484331578016281
82 0.75 0.5933715925304168 0.675 0.5665109574794769
83 0.7362385321100917 0.5968146641320045 0.525 0.6567137956619262
84 0.7522935779816514 0.5927485312343738 0.675 0.6023820817470551
85 0.75 0.5918863265339388 0.675 0.5990702033042907
86 0.7408256880733946 0.5950271610273133 0.55 0.6630182147026062
87 0.7477064220183486 0.5928334000460599 0.7 0.5723184704780578
88 0.7293577981651376 0.5942041573174502 0.625 0.6231425911188125
89 0.75 0.5930209714885152 0.625 0.6025668144226074
90 0.7477064220183486 0.5922816168824467 0.625 0.6282242894172668
91 0.75 0.5923802923718724 0.6 0.6075744599103927
92 0.7568807339449541 0.5907371210942575 0.575 0.6249728202819824
93 0.7362385321100917 0.5973656114635117 0.65 0.5991379410028458
94 0.75 0.5883024482552065 0.6 0.6196930825710296
95 0.7637614678899083 0.589912341822178 0.575 0.630633944272995
96 0.7362385321100917 0.5975426900277444 0.55 0.6205511212348938
97 0.7431192660550459 0.5909045185517827 0.675 0.5959078073501587
98 0.7637614678899083 0.5902669334083522 0.675 0.5901077359914779
99 0.7477064220183486 0.5916085142061251 0.6 0.6211714446544647
100 0.7522935779816514 0.5898616811551085 0.625 0.6128259390592575
101 0.7477064220183486 0.5914667276067471 0.55 0.6368824541568756
102 0.75 0.5925063471728509 0.65 0.6034934043884277
103 0.7568807339449541 0.5904989906954109 0.65 0.5896961361169815
104 0.75 0.5924418729926468 0.6 0.6081305742263794
105 0.7637614678899083 0.5879343570372381 0.575 0.6345970511436463
106 0.7408256880733946 0.5923313520370274 0.625 0.5970692366361618
107 0.7477064220183486 0.5926665855110238 0.6 0.6262885957956315
108 0.7477064220183486 0.5912100114953627 0.65 0.5856480181217194
109 0.7568807339449541 0.5894745150837329 0.6 0.6177656918764114
110 0.7477064220183486 0.5919847614174589 0.575 0.6372614741325379
111 0.7614678899082569 0.5890423912520802 0.625 0.594617024064064
112 0.75 0.5903504695914207 0.65 0.5828626036643982
113 0.7431192660550459 0.5915444520635342 0.575 0.6354675829410553
114 0.7591743119266054 0.5892486531253255 0.625 0.6044693410396575
115 0.7568807339449541 0.5874044493250891 0.575 0.6176140189170838
116 0.7591743119266054 0.5892573808311322 0.625 0.601285868883133
117 0.75 0.5888698511167404 0.575 0.6307128012180329
118 0.7454128440366973 0.5919620033797868 0.65 0.6193060517311096
119 0.7568807339449541 0.5869636251292097 0.725 0.5601017326116562
120 0.7545871559633027 0.5885541214855439 0.575 0.6221958935260773
121 0.7454128440366973 0.5921779277674649 0.575 0.6277020245790481
122 0.7545871559633027 0.5880198109587398 0.65 0.5905140906572341
123 0.7545871559633027 0.5874300918994694 0.625 0.6055018454790115
124 0.7431192660550459 0.5912905379172859 0.55 0.6428121864795685
125 0.7477064220183486 0.5874442463621087 0.625 0.6049273252487183
126 0.7522935779816514 0.5886382777756507 0.75 0.5715690374374389
127 0.7591743119266054 0.5889664858306219 0.55 0.6457286089658737
128 0.7477064220183486 0.5886619870268971 0.55 0.6295506715774536
129 0.7477064220183486 0.5879074794436814 0.75 0.5594842553138732
130 0.7545871559633027 0.5898646031497815 0.6 0.6118923962116242
131 0.7477064220183486 0.5883169950695213 0.6 0.6216123938560486
132 0.7591743119266054 0.5874006526732664 0.55 0.6354326188564301
133 0.75 0.5878735553780827 0.8 0.5375190585851669
134 0.7477064220183486 0.5897731884903864 0.525 0.6663017928600311
135 0.7477064220183486 0.5891029085588018 0.625 0.5909352034330368
136 0.75 0.5885510403628743 0.65 0.6011365622282028
137 0.7568807339449541 0.5840752146659641 0.625 0.6089992105960846
138 0.7408256880733946 0.589584201027494 0.625 0.6019128173589706
139 0.7522935779816514 0.5872477552759539 0.65 0.6099790751934051
140 0.7477064220183486 0.5880020878730564 0.575 0.649708092212677
141 0.7522935779816514 0.5885792303522792 0.575 0.6195601373910904
142 0.7522935779816514 0.5866875172755041 0.7 0.5771901607513428
143 0.7522935779816514 0.5875167802933159 0.625 0.6086584806442261
144 0.75 0.5869040289603242 0.625 0.6162939071655273
145 0.7568807339449541 0.587030166059459 0.625 0.6048212319612503
146 0.7431192660550459 0.5895351950728566 0.55 0.6443364918231964
147 0.7522935779816514 0.5873019498422605 0.7 0.5704482823610306
148 0.75 0.5878693092306819 0.55 0.6372992664575576
149 0.7522935779816514 0.5852940544622753 0.65 0.5828764200210571
150 0.7522935779816514 0.5879062580952951 0.65 0.6021036237478257
151 0.7568807339449541 0.5843171657772239 0.525 0.6345748752355576
152 0.7431192660550459 0.5912485387893992 0.7 0.586263582110405
153 0.7591743119266054 0.5843737866353551 0.625 0.6115967184305191
154 0.7522935779816514 0.5875414694667956 0.625 0.6115586042404175
155 0.7477064220183486 0.5888721871813503 0.6 0.6074295103549957
156 0.7545871559633027 0.5862812006145443 0.625 0.6267583757638931
157 0.7454128440366973 0.5874329805374146 0.675 0.571798712015152
158 0.7545871559633027 0.5894612850399192 0.575 0.6398833304643631
159 0.7568807339449541 0.5846776519346675 0.65 0.5972984492778778
160 0.7568807339449541 0.5869418226797646 0.55 0.6504194587469101
161 0.7545871559633027 0.5864340895359669 0.675 0.5663760215044021
162 0.7522935779816514 0.5863553641039297 0.5 0.648873221874237
163 0.7477064220183486 0.5889491674003251 0.7 0.5736440151929856
164 0.75 0.5849931171727837 0.625 0.6066917479038239
165 0.7545871559633027 0.5869434008357721 0.6 0.6287985920906067
166 0.75 0.5892027848904285 0.625 0.6044166713953019
167 0.75 0.5854103983542241 0.7 0.596811443567276
168 0.75 0.5876375527010052 0.625 0.5905461788177491
169 0.7545871559633027 0.5839750917132841 0.6 0.6288897961378097
170 0.75 0.588314117641624 0.65 0.594492056965828
171 0.7522935779816514 0.5864038470141385 0.65 0.5958750993013382
172 0.7522935779816514 0.5860471843032662 0.6 0.6377643764019012
173 0.7545871559633027 0.5865322110849783 0.65 0.5824417382478714
174 0.7431192660550459 0.5890633092014068 0.675 0.6043083429336548
175 0.7591743119266054 0.5834807677006503 0.6 0.6191293835639954
176 0.7454128440366973 0.5886175009088779 0.6 0.6010047107934952
177 0.7568807339449541 0.5857467449039494 0.625 0.6324492812156677
178 0.7431192660550459 0.5883231972335675 0.575 0.618410947918892
179 0.7522935779816514 0.5840561682478004 0.675 0.5894448786973954
180 0.7545871559633027 0.5870230993546477 0.625 0.6075260818004609
181 0.7545871559633027 0.5830236539381359 0.575 0.6070030748844146
182 0.7454128440366973 0.5890248748687429 0.625 0.5962639033794404
183 0.7591743119266054 0.5842948719995831 0.625 0.6034170866012574
184 0.7522935779816514 0.5861179361102777 0.675 0.5964282125234603
185 0.7522935779816514 0.586642571818938 0.65 0.6005386203527451
186 0.7522935779816514 0.5848202987001576 0.65 0.5896054744720459
187 0.7545871559633027 0.5848670484275993 0.625 0.6251290291547775
188 0.75 0.5870726742875685 0.575 0.6063610136508941
189 0.7545871559633027 0.5873957238066088 0.625 0.6049203902482987
190 0.7545871559633027 0.5848347410696362 0.6 0.6281873226165772
191 0.7545871559633027 0.5850222146292345 0.675 0.5767672806978226
192 0.7522935779816514 0.5877826766136589 0.575 0.6367326855659485
193 0.7522935779816514 0.5847634443449318 0.625 0.6074359148740769
194 0.75 0.5858627213250607 0.65 0.6060101926326752
195 0.75 0.5877010335616015 0.6 0.6198003381490708
196 0.7522935779816514 0.5860986466254663 0.625 0.6159637421369553
197 0.75 0.5869368145225244 0.675 0.5832663148641586
198 0.7545871559633027 0.58574128342331 0.6 0.6172302842140198
199 0.7568807339449541 0.5850118844334139 0.7 0.5785481750965118
