0 0.4954954954954955 0.6911322963130366 0.425 0.7107345640659333
1 0.5833333333333334 0.6849142291524388 0.5 0.6827205896377564
2 0.6779279279279279 0.674607756438556 0.4 0.6897029101848602
3 0.75 0.6630470699018186 0.4 0.68204944729805
4 0.7387387387387387 0.6577544679512849 0.3 0.694995927810669
5 0.7027027027027027 0.6547425716846913 0.35 0.6949995815753937
6 0.7072072072072072 0.6500399553024017 0.4 0.6921988129615784
7 0.7252252252252253 0.6466291004473025 0.425 0.6931090950965881
8 0.7094594594594594 0.6444512841937778 0.35 0.7047464489936829
9 0.7004504504504504 0.6423125487190109 0.45 0.7037796378135681
10 0.7252252252252253 0.6369711928539448 0.375 0.7084431946277618
11 0.713963963963964 0.634776082124796 0.375 0.6990940809249878
12 0.6869369369369369 0.6358750709542283 0.4 0.7253997564315796
13 0.7252252252252253 0.631134323708646 0.35 0.6966467261314392
14 0.7387387387387387 0.6252395580480764 0.375 0.7151192665100098
15 0.7319819819819819 0.6214225200919418 0.425 0.7105244398117065
16 0.7184684684684685 0.6178410423768533 0.375 0.7383272826671601
17 0.7545045045045045 0.6105497535821554 0.35 0.7266699790954589
18 0.75 0.6050283157073699 0.375 0.7391775846481323
19 0.777027027027027 0.5961523155371348 0.325 0.7818267524242402
20 0.7837837837837838 0.5918423246155988 0.375 0.7148847818374634
21 0.7612612612612613 0.5869221115434492 0.225 0.7794219195842743
22 0.7680180180180181 0.5826398928960165 0.375 0.7574071109294891
23 0.8018018018018018 0.5685091402616587 0.325 0.7547850906848907
24 0.7612612612612613 0.5682995660347981 0.35 0.7920110285282135
25 0.759009009009009 0.571984782143756 0.3 0.7944218218326569
26 0.7725225225225225 0.5616504372777166 0.325 0.7935217022895813
27 0.8018018018018018 0.5556920474177008 0.25 0.8351530194282532
28 0.786036036036036 0.5556227417142542 0.325 0.809056693315506
29 0.786036036036036 0.5533348316544885 0.35 0.8066335558891297
30 0.777027027027027 0.5590932471258147 0.375 0.8162264168262482
31 0.795045045045045 0.550943501629271 0.3 0.8000233113765717
32 0.7882882882882883 0.5482142371637327 0.375 0.7904654145240784
33 0.7792792792792793 0.545097199377713 0.275 0.8547914624214172
34 0.7815315315315315 0.5466234412816193 0.375 0.7973822593688965
35 0.7995495495495496 0.5465305938914016 0.3 0.8473670184612274
36 0.7747747747747747 0.5460570567363018 0.25 0.8297719717025757
37 0.7702702702702703 0.5475753328284702 0.3 0.8510711550712585
38 0.7792792792792793 0.540704700055423 0.375 0.8191276967525483
39 0.7635135135135135 0.5454154991888785 0.3 0.8391814529895782
40 0.7815315315315315 0.5435039717871863 0.225 0.8762391149997711
41 0.7725225225225225 0.5393217098605525 0.375 0.8193912088871003
42 0.7905405405405406 0.5407700122476699 0.35 0.8407940089702606
43 0.7882882882882883 0.5421694804419268 0.3 0.8426645278930665
44 0.7725225225225225 0.5468378832211366 0.25 0.8881955742835999
45 0.7837837837837838 0.5391010999142587 0.35 0.804242342710495
46 0.7837837837837838 0.543194515748067 0.35 0.8311466634273529
47 0.7815315315315315 0.5338304383797688 0.325 0.8176095962524415
48 0.759009009009009 0.5487783293466311 0.3 0.8722467541694641
49 0.7837837837837838 0.5350241105298739 0.425 0.8252593338489532
50 0.7882882882882883 0.5331801825815493 0.325 0.8314675092697144
51 0.7882882882882883 0.5373135359437616 0.275 0.8984635174274445
52 0.777027027027027 0.5373002908251308 0.325 0.8443092405796051
53 0.7882882882882883 0.5373942736569826 0.375 0.8399752020835877
54 0.7972972972972973 0.5379186081993688 0.3 0.8584356188774109
55 0.7815315315315315 0.5375835390778275 0.325 0.8580779552459716
56 0.7927927927927928 0.5323975703737758 0.325 0.8593518853187561
57 0.7815315315315315 0.5380203782975137 0.275 0.8591926693916321
58 0.7927927927927928 0.535389101720071 0.325 0.8543151497840882
59 0.7815315315315315 0.535530633486069 0.25 0.903721135854721
60 0.7725225225225225 0.5369352411042463 0.35 0.81922088265419
61 0.7837837837837838 0.5332454448347693 0.25 0.9060662031173706
62 0.786036036036036 0.5371039641333056 0.4 0.8067973017692566
63 0.7837837837837838 0.5343254267632425 0.3 0.8667466163635253
64 0.7882882882882883 0.53629083300496 0.3 0.8713199079036713
65 0.786036036036036 0.531528298650776 0.35 0.8466121256351471
66 0.7792792792792793 0.5334597922660209 0.3 0.8548258423805237
67 0.7905405405405406 0.5346926966229001 0.35 0.861215603351593
68 0.7905405405405406 0.529687639292296 0.275 0.8728996992111206
69 0.7815315315315315 0.5320608312482232 0.325 0.8499959945678711
70 0.7815315315315315 0.5311714700750403 0.325 0.8841240286827088
71 0.7882882882882883 0.5307641158232818 0.35 0.8406570971012115
72 0.786036036036036 0.5320203739243585 0.2 0.9124054610729218
73 0.7792792792792793 0.5322628950213527 0.375 0.7904910862445831
74 0.7725225225225225 0.5363879209166175 0.25 0.8813125669956208
75 0.795045045045045 0.5277544533884203 0.3 0.8804018259048462
76 0.7837837837837838 0.5301531606966311 0.35 0.858247023820877
77 0.7882882882882883 0.5319396141950075 0.35 0.8342495381832122
78 0.7972972972972973 0.5292012570677577 0.325 0.8609784781932831
79 0.7905405405405406 0.5301765308186814 0.325 0.8568743407726288
80 0.786036036036036 0.5313795630459313 0.25 0.9071827530860901
81 0.7905405405405406 0.5280346389826354 0.35 0.8450271785259247
82 0.7927927927927928 0.5298070714280412 0.275 0.8766603350639344
83 0.7905405405405406 0.5302845932341911 0.375 0.8343240678310394
84 0.7815315315315315 0.5333411841242163 0.35 0.8383585035800933
85 0.795045045045045 0.5278930575461 0.275 0.8874033331871033
86 0.7927927927927928 0.5298370565917041 0.25 0.9084173142910004
87 0.7792792792792793 0.5288055200834532 0.325 0.8623672664165497
88 0.7995495495495496 0.5305570954675073 0.35 0.859052711725235
89 0.7837837837837838 0.5306599330794703 0.35 0.8349966108798981
90 0.786036036036036 0.5282769624714378 0.35 0.8638622224330902
91 0.7837837837837838 0.5300821726386612 0.3 0.8844923257827759
92 0.7905405405405406 0.5271881370394079 0.3 0.8920767426490783
93 0.786036036036036 0.529235604915533 0.35 0.830116480588913
94 0.7815315315315315 0.535263404652879 0.325 0.8852128028869629
95 0.7927927927927928 0.5253859092523386 0.3 0.8870323419570922
96 0.7815315315315315 0.5325532606593123 0.3 0.8590185344219208
97 0.777027027027027 0.533198495437433 0.35 0.8664326667785645
98 0.8063063063063063 0.522455057045361 0.325 0.8620109498500824
99 0.786036036036036 0.52715420910904 0.35 0.8325917720794678
100 0.7837837837837838 0.5321751145629195 0.325 0.876496285200119
101 0.7972972972972973 0.5272343872903703 0.35 0.8515721261501312
102 0.795045045045045 0.5244795559225855 0.3 0.8771737277507782
103 0.7927927927927928 0.5280043549902804 0.325 0.874424833059311
104 0.777027027027027 0.5346903086782576 0.35 0.8544803082942962
105 0.786036036036036 0.5298577254419928 0.275 0.8942237973213196
106 0.7927927927927928 0.5240789469297942 0.375 0.8476145923137665
107 0.786036036036036 0.528344558165954 0.325 0.8496854424476623
108 0.786036036036036 0.5292463179107185 0.3 0.8815916538238525
109 0.7882882882882883 0.5283859927912016 0.275 0.9051140427589417
110 0.7792792792792793 0.5283054883952614 0.35 0.8425426065921784
111 0.786036036036036 0.5326176189087533 0.375 0.8556194186210633
112 0.795045045045045 0.5228597250607636 0.3 0.869431471824646
113 0.7927927927927928 0.524817159852466 0.35 0.8390587031841278
114 0.7905405405405406 0.5256565844153499 0.275 0.9011991441249847
115 0.795045045045045 0.5287662084038193 0.225 0.8957925856113433
116 0.7837837837837838 0.5308393750104818 0.375 0.8390289366245269
117 0.7927927927927928 0.5234406386409793 0.3 0.8858840525150299
118 0.795045045045045 0.5274330514508325 0.325 0.8718782842159272
119 0.7882882882882883 0.5277435417110855 0.325 0.8392844438552857
120 0.7905405405405406 0.5283134176924422 0.35 0.8621752619743347
121 0.7882882882882883 0.5290636664575284 0.3 0.892607969045639
122 0.7972972972972973 0.5239643784793647 0.35 0.8532702505588532
123 0.7882882882882883 0.5277552013998633 0.35 0.8347703218460083
124 0.7882882882882883 0.528688162296742 0.3 0.9016383826732636
125 0.7927927927927928 0.5227951254393604 0.275 0.8821739673614502
126 0.786036036036036 0.5274611279234156 0.375 0.846791684627533
127 0.7927927927927928 0.5273092268286524 0.325 0.8648221075534821
128 0.786036036036036 0.5265051813812943 0.275 0.8972058773040772
129 0.795045045045045 0.5262539359900329 0.35 0.8493275701999664
130 0.7927927927927928 0.528382774945852 0.3 0.9003466308116913
131 0.7972972972972973 0.5211106597840249 0.35 0.8398898422718049
132 0.7905405405405406 0.52759664015727 0.375 0.8336221873760223
133 0.7905405405405406 0.5269294842943415 0.3 0.8783811151981353
134 0.786036036036036 0.526000005973352 0.35 0.8541510343551636
135 0.7905405405405406 0.5259702270095413 0.275 0.9204687535762787
136 0.7882882882882883 0.5268627338044278 0.325 0.8391610682010651
137 0.7927927927927928 0.5258031355905103 0.375 0.8521604269742966
138 0.795045045045045 0.5233378007605269 0.275 0.904370766878128
139 0.7905405405405406 0.5267936874617327 0.325 0.8735503047704697
140 0.7927927927927928 0.5258339554876894 0.375 0.816793155670166
141 0.7972972972972973 0.5241770210029842 0.325 0.8888893961906433
142 0.786036036036036 0.5292055354462014 0.275 0.8869798243045807
143 0.795045045045045 0.5247868329018086 0.3 0.8733324408531189
144 0.795045045045045 0.5241676590464137 0.375 0.85331010222435
145 0.795045045045045 0.5234132470848324 0.275 0.8811054468154907
146 0.786036036036036 0.5294583080051182 0.375 0.8500508248806
147 0.7927927927927928 0.5258006818659671 0.275 0.9035111188888549
148 0.7882882882882883 0.5261477785067515 0.375 0.8425949454307556
149 0.7972972972972973 0.5247352088356877 0.3 0.8712565243244171
150 0.786036036036036 0.5262883896226281 0.35 0.8529861152172089
151 0.7995495495495496 0.5232793404175354 0.3 0.8951336503028869
152 0.7882882882882883 0.52871955568726 0.375 0.8187472403049469
153 0.7927927927927928 0.52455671735712 0.25 0.9337863445281982
154 0.7905405405405406 0.5276616868135091 0.35 0.8514619529247284
155 0.7905405405405406 0.5224574490173443 0.3 0.8825081706047058
156 0.7905405405405406 0.530110669297141 0.375 0.8215548098087311
157 0.8040540540540541 0.5202753659304198 0.35 0.8724616885185241
158 0.7927927927927928 0.5254702143840961 0.225 0.9167016983032227
159 0.7882882882882883 0.5265583911457578 0.375 0.8270158708095551
160 0.7905405405405406 0.5286613775266183 0.3 0.8883148729801178
161 0.795045045045045 0.5216829548547933 0.375 0.8382267951965332
162 0.7905405405405406 0.5284940911842896 0.325 0.8845036745071411
163 0.7927927927927928 0.5229770267331922 0.325 0.8636111557483673
164 0.7837837837837838 0.5284716602381285 0.35 0.8547972857952117
165 0.795045045045045 0.5249179969499776 0.275 0.9011789798736572
166 0.795045045045045 0.5227382583124144 0.35 0.8515340209007263
167 0.7927927927927928 0.5243165930649182 0.35 0.8705870926380157
168 0.7882882882882883 0.5273737026764466 0.25 0.8690892517566681
169 0.7882882882882883 0.525610245294399 0.375 0.8641139090061187
170 0.795045045045045 0.5223855448735727 0.325 0.8780665695667267
171 0.795045045045045 0.5230519720562944 0.3 0.8593187689781189
172 0.786036036036036 0.5298683318468902 0.35 0.8692393362522125
173 0.7927927927927928 0.5253055613857132 0.325 0.8756937026977539
174 0.7927927927927928 0.5240704062822703 0.3 0.8818297445774078
175 0.795045045045045 0.520967887597041 0.3 0.8782549738883972
176 0.7882882882882883 0.5269692419348536 0.35 0.837628835439682
177 0.7882882882882883 0.5280703671343692 0.35 0.8846839547157288
178 0.7905405405405406 0.525686561524331 0.325 0.8634724378585815
179 0.7995495495495496 0.5218828194313221 0.275 0.8902446746826171
180 0.7927927927927928 0.5240327503767099 0.4 0.8276816189289093
181 0.7927927927927928 0.5238847064005362 0.325 0.8444042861461639
182 0.7882882882882883 0.5290216795496039 0.3 0.9009696781635285
183 0.795045045045045 0.5224827216552185 0.325 0.8695191621780396
184 0.7927927927927928 0.5253315941170529 0.3 0.8753608226776123
185 0.7837837837837838 0.5275754893685246 0.35 0.8554004251956939
186 0.7927927927927928 0.5256872185178705 0.325 0.865834367275238
187 0.786036036036036 0.5260666614180213 0.375 0.8528094947338104
188 0.795045045045045 0.523342138475126 0.25 0.9150055766105651
189 0.7905405405405406 0.5266689314498557 0.375 0.8386918604373932
190 0.7972972972972973 0.5225034541374928 0.275 0.8934030175209046
191 0.7882882882882883 0.527695278058181 0.325 0.8833671152591706
192 0.7972972972972973 0.522052235968478 0.375 0.8208955585956573
193 0.7905405405405406 0.5266908230008306 0.3 0.8959169805049896
194 0.795045045045045 0.5224393692102518 0.325 0.8579872965812683
195 0.7927927927927928 0.5249020212942416 0.325 0.8677468121051788
196 0.7927927927927928 0.526039139107541 0.325 0.8559389352798462
197 0.7927927927927928 0.5220763264475642 0.275 0.8975901126861572
198 0.7995495495495496 0.5206511965743056 0.35 0.8655074715614319
199 0.7905405405405406 0.5264151985043878 0.3 0.8956011474132538
