0 0.4036697247706422 0.7082713530697954 0.3 0.6857734978199005
1 0.3853211009174312 0.7061848049863763 0.7 0.6694512903690338
2 0.45871559633027525 0.7015205069419441 0.575 0.6720326781272888
3 0.5665137614678899 0.6738257178472816 0.8 0.6142675161361695
4 0.6353211009174312 0.6616177274546492 0.65 0.6608377397060394
5 0.6284403669724771 0.6585984186294975 0.9 0.6086044430732727
6 0.6674311926605505 0.6530789027520276 0.7 0.655392187833786
7 0.6857798165137615 0.6490700075385767 0.775 0.6261732339859009
8 0.6628440366972477 0.6469448072100998 0.825 0.6179963111877441
9 0.6743119266055045 0.643870634223343 0.775 0.6223902940750122
10 0.6811926605504587 0.6428877049629841 0.825 0.6216320872306824
11 0.6880733944954128 0.6402367610450185 0.725 0.626419746875763
12 0.7064220183486238 0.6358152562325153 0.775 0.6218382358551026
13 0.6811926605504587 0.6355212746410195 0.675 0.6249404668807983
14 0.6880733944954128 0.635496463797508 0.775 0.6203981578350067
15 0.6926605504587156 0.631772933203146 0.6 0.6252095997333527
16 0.6674311926605505 0.6332397953085943 0.675 0.609846043586731
17 0.6834862385321101 0.6308319891264679 0.725 0.615398359298706
18 0.6811926605504587 0.6304776400601099 0.625 0.6281549453735351
19 0.7224770642201835 0.6284832506004824 0.55 0.632467406988144
20 0.6995412844036697 0.6263901585832649 0.725 0.6183945655822753
21 0.6743119266055045 0.6259023700285395 0.7 0.6039374351501465
22 0.6857798165137615 0.6235651335585009 0.525 0.6413356184959411
23 0.6857798165137615 0.6247293358549065 0.7 0.6011807858943939
24 0.6743119266055045 0.6225711178342137 0.6 0.6225953340530396
25 0.694954128440367 0.6205956924945937 0.65 0.6026771426200866
26 0.6857798165137615 0.6215291105279135 0.575 0.6325587749481201
27 0.694954128440367 0.619555900403119 0.675 0.6099159568548203
28 0.6903669724770642 0.6201186199253852 0.65 0.599562731385231
29 0.6926605504587156 0.6172941228665343 0.55 0.6256123811006546
30 0.6926605504587156 0.6187799914714394 0.6 0.6226892292499542
31 0.6903669724770642 0.6185985073583935 0.7 0.5948087215423584
32 0.7064220183486238 0.6166864603484442 0.575 0.6330847561359405
33 0.6903669724770642 0.6152934155879765 0.575 0.6214620620012283
34 0.6995412844036697 0.6151648426274641 0.675 0.5823316514492035
35 0.7064220183486238 0.6133901479594205 0.675 0.6038974195718765
36 0.7064220183486238 0.6131571107501284 0.575 0.625234055519104
37 0.713302752293578 0.6127632842698228 0.7 0.6054322630167007
38 0.7110091743119266 0.6110467336593418 0.625 0.604572194814682
39 0.7110091743119266 0.6136498013767627 0.625 0.6146723181009293
40 0.7155963302752294 0.6103092888626483 0.575 0.6144990265369416
41 0.7155963302752294 0.610416611673635 0.675 0.6041023433208466
42 0.7064220183486238 0.6102555022327179 0.525 0.6277026176452637
43 0.7247706422018348 0.6098407550689278 0.75 0.5832272708415985
44 0.6903669724770642 0.6109620031960513 0.625 0.6115857660770416
45 0.731651376146789 0.6059416155202673 0.65 0.5969704747200012
46 0.7110091743119266 0.6107556724220241 0.6 0.6164909780025483
47 0.7339449541284404 0.6071174768132901 0.55 0.635926502943039
48 0.7178899082568807 0.609964255072655 0.65 0.5987923324108124
49 0.731651376146789 0.6048546619371536 0.625 0.6250879466533661
50 0.7110091743119266 0.6095834352554531 0.725 0.5820949107408524
51 0.7293577981651376 0.6061860205383476 0.65 0.5948433160781861
52 0.7178899082568807 0.6066142479214099 0.625 0.5967264771461487
53 0.731651376146789 0.6038888274529658 0.6 0.624825257062912
54 0.7018348623853211 0.6069909205677313 0.625 0.5984694540500641
55 0.731651376146789 0.6032280396977696 0.675 0.6187490791082382
56 0.7224770642201835 0.6078347025114462 0.65 0.6042217493057251
57 0.7270642201834863 0.6016213043567238 0.675 0.6103485524654388
58 0.7018348623853211 0.6082804629562097 0.625 0.618785560131073
59 0.7454128440366973 0.6019077681073355 0.625 0.5987315595149993
60 0.7339449541284404 0.6021645413626224 0.75 0.5669415920972825
61 0.7339449541284404 0.6034271017127081 0.675 0.6072031140327454
62 0.7087155963302753 0.6064603230275145 0.675 0.6154371917247772
63 0.7385321100917431 0.6001561120015766 0.575 0.6097489953041076
64 0.7339449541284404 0.6020771820063985 0.7 0.5946879982948303
65 0.731651376146789 0.6018556627111697 0.675 0.5932598412036896
66 0.7247706422018348 0.6046491864077542 0.7 0.590832307934761
67 0.7362385321100917 0.6025202378220514 0.575 0.6279514610767365
68 0.7293577981651376 0.60157087581967 0.725 0.5728181004524231
69 0.7385321100917431 0.6005095229783189 0.65 0.59577576816082
70 0.7477064220183486 0.5982316625774453 0.575 0.6305382013320923
71 0.7247706422018348 0.6034098472617088 0.7 0.5915319979190826
72 0.7408256880733946 0.6001674716078907 0.65 0.6137252748012543
73 0.7201834862385321 0.6007242142607313 0.675 0.5860647410154343
74 0.731651376146789 0.5985769506441344 0.625 0.588215309381485
75 0.7362385321100917 0.59935659935715 0.65 0.6157109379768372
76 0.7339449541284404 0.6007832127426742 0.65 0.5767746150493622
77 0.7385321100917431 0.6001480530708208 0.7 0.5895409703254699
78 0.7339449541284404 0.598641330222471 0.65 0.6045032948255539
79 0.7293577981651376 0.5993401241411856 0.725 0.5909997284412384
80 0.7385321100917431 0.5966621273701344 0.625 0.6020603060722352
81 0.7362385321100917 0.599769784223049 0.625 0.6211346834897995
82 0.7339449541284404 0.597585428471959 0.75 0.5552947849035264
83 0.731651376146789 0.6006578100383828 0.55 0.6336462020874023
84 0.7385321100917431 0.5969039633733417 0.725 0.5826135754585267
85 0.7339449541284404 0.5960064522170145 0.675 0.5830290019512177
86 0.7339449541284404 0.598631033656794 0.6 0.6350287675857544
87 0.731651376146789 0.5977810134581469 0.7 0.5590528130531311
88 0.7408256880733946 0.5974889126939511 0.65 0.6023435294628143
89 0.7293577981651376 0.5972002602498466 0.7 0.5822832226753235
90 0.7454128440366973 0.5964667985745526 0.625 0.6062877535820007
91 0.7339449541284404 0.5972377909432858 0.675 0.5923522353172302
92 0.7362385321100917 0.5963146815059381 0.6 0.6040307492017746
93 0.7293577981651376 0.5993424380591156 0.7 0.5804943740367889
94 0.7477064220183486 0.5932265148250335 0.65 0.5997678160667419
95 0.731651376146789 0.594822323923811 0.6 0.6099385142326355
96 0.7224770642201835 0.6010388269883777 0.6 0.6040422320365906
97 0.7431192660550459 0.5950783245060423 0.675 0.580191919207573
98 0.7385321100917431 0.5944631370382572 0.7 0.571328291296959
99 0.7293577981651376 0.5960490113004632 0.625 0.6040276825428009
100 0.7385321100917431 0.5948590455798928 0.675 0.5908808171749115
101 0.7385321100917431 0.5956375866854956 0.6 0.6187906920909881
102 0.7339449541284404 0.5967538660272546 0.7 0.5818397879600525
103 0.7408256880733946 0.5937760958977796 0.725 0.5767842352390289
104 0.7362385321100917 0.5963534239782106 0.625 0.5907099545001984
105 0.7408256880733946 0.5939296150426252 0.625 0.6109553545713424
106 0.7339449541284404 0.5954649054676021 0.675 0.5822873771190643
107 0.731651376146789 0.5966369233547001 0.625 0.6020250082015991
108 0.7339449541284404 0.5962107911569263 0.725 0.570292404294014
109 0.7454128440366973 0.5927281259396754 0.625 0.5993805766105652
110 0.7293577981651376 0.5960722368791562 0.65 0.6143728256225586
111 0.7385321100917431 0.5941953314553707 0.65 0.5763977527618408
112 0.7385321100917431 0.594895838597499 0.7 0.5701155543327332
113 0.7362385321100917 0.5949559881599671 0.6 0.6137118756771087
114 0.7408256880733946 0.5934826280545751 0.675 0.5837320506572723
115 0.7385321100917431 0.5926725539045596 0.625 0.6010735869407654
116 0.7362385321100917 0.5941866062103062 0.65 0.5837398409843445
117 0.7431192660550459 0.5931105463329805 0.65 0.6059399425983429
118 0.7385321100917431 0.5960916368239516 0.65 0.5987668812274933
119 0.7431192660550459 0.591528303579453 0.75 0.5475915789604187
120 0.7385321100917431 0.5934218572914054 0.65 0.602210459113121
121 0.731651376146789 0.5960618457116118 0.625 0.6071151494979858
122 0.7431192660550459 0.5926995403176054 0.675 0.575798723101616
123 0.7431192660550459 0.5918339876406783 0.675 0.5842351168394089
124 0.731651376146789 0.5958648395100865 0.6 0.6202312588691712
125 0.7477064220183486 0.5917018449634587 0.625 0.5893119156360627
126 0.7408256880733946 0.593016206124507 0.775 0.5527768433094025
127 0.7408256880733946 0.5927319266927351 0.6 0.6224900960922242
128 0.7362385321100917 0.5940223185841097 0.6 0.606617397069931
129 0.7477064220183486 0.5920410954624141 0.775 0.547258922457695
130 0.731651376146789 0.5940114043721365 0.65 0.5889178097248078
131 0.7477064220183486 0.5925708232669655 0.625 0.603297334909439
132 0.7408256880733946 0.5924243984419272 0.625 0.6132891297340393
133 0.7431192660550459 0.5932056608550046 0.8 0.5270585596561432
134 0.7431192660550459 0.5928477357833757 0.55 0.6425450384616852
135 0.7385321100917431 0.5932372545977251 0.65 0.5766628801822662
136 0.7385321100917431 0.5937643146842991 0.7 0.577839732170105
137 0.7454128440366973 0.5892283068884403 0.675 0.5917901158332824
138 0.7339449541284404 0.5933927633893599 0.625 0.5835772335529328
139 0.7454128440366973 0.5932624266235107 0.65 0.5933481514453888
140 0.7385321100917431 0.591909897983621 0.6 0.6250169277191162
141 0.7385321100917431 0.5925814413696254 0.625 0.5979905962944031
142 0.7454128440366973 0.5911683508562385 0.7 0.5641574054956436
143 0.7431192660550459 0.5921273529529572 0.65 0.5867176532745362
144 0.7385321100917431 0.5913575868540948 0.65 0.5970955491065979
145 0.7408256880733946 0.5923266763534021 0.7 0.5851566821336747
146 0.7431192660550459 0.5932973087380785 0.575 0.6247616529464721
147 0.7362385321100917 0.5925032307795428 0.725 0.5576983034610749
148 0.7408256880733946 0.5925147434987059 0.575 0.6136373192071914
149 0.7408256880733946 0.5894449831695732 0.7 0.5638284832239151
